0.018618	0.096033		0.018618	0.070667		0.018618	0.195804	
0.055069	0.096033		0.055069	0.070667		0.055069	0.195803	
0.091518	0.096067		0.091518	0.070817		0.091518	0.195812	
0.127968	0.096017		0.127968	0.070767		0.127968	0.195820	
0.164418	0.096017		0.164418	0.070817		0.164418	0.195810	
0.200868	0.095983		0.200868	0.070867		0.200868	0.195805	
0.237318	0.095983		0.237318	0.070783		0.237318	0.195803	
0.273767	0.096000		0.273767	0.070800		0.273767	0.195805	
0.310218	0.095983		0.310218	0.070733		0.310218	0.195812	
0.346666	0.095983		0.346666	0.070700		0.346666	0.195815	
0.383117	0.095950		0.383117	0.070717		0.383117	0.195808	
0.419566	0.096033		0.419566	0.070733		0.419566	0.195804	
0.456017	0.095967		0.456017	0.070667		0.456017	0.195808	
0.492467	0.096033		0.492467	0.070650		0.492467	0.195806	
0.528914	0.095950		0.528914	0.070683		0.528914	0.195804	
0.565365	0.095967		0.565365	0.070650		0.565365	0.195803	
0.601816	0.096000		0.601816	0.070633		0.601816	0.195810	
0.638263	0.096017		0.638263	0.070683		0.638263	0.195815	
0.674715	0.095967		0.674715	0.070683		0.674715	0.195820	
0.711165	0.096000		0.711165	0.070683		0.711165	0.195820	
0.747613	0.096017		0.747613	0.070767		0.747613	0.195816	
0.784063	0.096050		0.784063	0.070767		0.784063	0.195816	
0.820513	0.096067		0.820513	0.070933		0.820513	0.195815	
0.856962	0.096083		0.856962	0.071000		0.856962	0.195811	
0.893412	0.096033		0.893412	0.071000		0.893412	0.195810	
0.929861	0.096117		0.929861	0.071200		0.929861	0.195814	
0.966313	0.096067		0.966313	0.071467		0.966313	0.195814	
1.002775	0.096133		1.002775	0.071633		1.002775	0.195811	
1.040319	0.096183		1.040319	0.071683		1.040319	0.195811	
1.076963	0.096217		1.076963	0.071767		1.076963	0.195808	
1.113412	0.096117		1.113412	0.071833		1.113412	0.195801	
1.149862	0.096133		1.149862	0.071933		1.149862	0.195801	
1.186311	0.096267		1.186311	0.071967		1.186311	0.195806	
1.222763	0.096217		1.222763	0.072033		1.222763	0.195809	
1.259211	0.096300		1.259211	0.072167		1.259211	0.195808	
1.295661	0.096267		1.295661	0.072183		1.295661	0.195811	
1.332110	0.096250		1.332110	0.072283		1.332110	0.195811	
1.368560	0.096250		1.368560	0.072317		1.368560	0.195813	
1.405010	0.096300		1.405010	0.072317		1.405010	0.195813	
1.441459	0.096267		1.441459	0.072350		1.441459	0.195809	
1.477922	0.096250		1.477922	0.072350		1.477922	0.195806	
1.514437	0.096333		1.514437	0.072350		1.514437	0.195807	
1.550809	0.096300		1.550809	0.072383		1.550809	0.195806	
1.587337	0.096300		1.587337	0.072467		1.587337	0.195811	
1.623710	0.096333		1.623710	0.072500		1.623710	0.195821	
1.660160	0.096333		1.660160	0.072550		1.660160	0.195824	
1.696607	0.096333		1.696607	0.072433		1.696607	0.195813	
1.733058	0.096317		1.733058	0.072533		1.733058	0.195807	
1.769507	0.096267		1.769507	0.072533		1.769507	0.195802	
1.805959	0.096367		1.805959	0.072533		1.805959	0.195804	
1.842408	0.096317		1.842408	0.072517		1.842408	0.195804	
1.878857	0.096300		1.878857	0.072567		1.878857	0.195798	
1.915307	0.096333		1.915307	0.072583		1.915307	0.195793	
1.951758	0.096300		1.951758	0.072667		1.951758	0.195791	
1.988207	0.096283		1.988207	0.072600		1.988207	0.195803	
2.024656	0.096350		2.024656	0.072633		2.024656	0.195806	
2.061105	0.096367		2.061105	0.072650		2.061105	0.195813	
2.097556	0.096333		2.097556	0.072633		2.097556	0.195812	
2.134122	0.096317		2.134122	0.072650		2.134122	0.195808	
2.170717	0.096333		2.170717	0.072617		2.170717	0.195808	
2.207164	0.096367		2.207164	0.072617		2.207164	0.195810	
2.243615	0.096383		2.243615	0.072650		2.243615	0.195808	
2.280065	0.096300		2.280065	0.072650		2.280065	0.195806	
2.316513	0.096350		2.316513	0.072667		2.316513	0.195807	
2.352964	0.096283		2.352964	0.072700		2.352964	0.195807	
2.389414	0.096350		2.389414	0.072667		2.389414	0.195807	
2.425864	0.096300		2.425864	0.072700		2.425864	0.195805	
2.462314	0.096367		2.462314	0.072683		2.462314	0.195806	
2.498761	0.096333		2.498761	0.072683		2.498761	0.195803	
2.535212	0.096383		2.535212	0.072700		2.535212	0.195801	
2.571661	0.096333		2.571661	0.072667		2.571661	0.195800	
2.608111	0.096317		2.608111	0.072667		2.608111	0.195809	
2.644560	0.096350		2.644560	0.072650		2.644560	0.195811	
2.681010	0.096367		2.681010	0.072700		2.681010	0.195814	
2.717461	0.096333		2.717461	0.072650		2.717461	0.195809	
2.753974	0.096283		2.753974	0.072633		2.753974	0.195802	
2.790361	0.096300		2.790361	0.072667		2.790361	0.195802	
2.828383	0.096317		2.828383	0.072633		2.828383	0.195808	
2.866371	0.096300		2.866371	0.072700		2.866371	0.195812	
2.903353	0.096333		2.903353	0.072617		2.903353	0.195809	
2.940534	0.096317		2.940534	0.072633		2.940534	0.195802	
2.978076	0.096300		2.978076	0.072567		2.978076	0.195797	
3.014527	0.096300		3.014527	0.072567		3.014527	0.195792	
3.050976	0.096283		3.050976	0.072517		3.050976	0.195801	
3.087425	0.096333		3.087425	0.072583		3.087425	0.195810	
3.123877	0.096333		3.123877	0.072567		3.123877	0.195805	
3.160325	0.096300		3.160325	0.072533		3.160325	0.195805	
3.196775	0.096300		3.196775	0.072550		3.196775	0.195807	
3.233797	0.096317		3.233797	0.072567		3.233797	0.195813	
3.270716	0.096333		3.270716	0.072500		3.270716	0.195808	
3.307165	0.096350		3.307165	0.072600		3.307165	0.195803	
3.343615	0.096333		3.343615	0.072533		3.343615	0.195799	
3.380065	0.096333		3.380065	0.072433		3.380065	0.195802	
3.418298	0.096283		3.418298	0.072467		3.418298	0.195804	
3.454787	0.096267		3.454787	0.072383		3.454787	0.195805	
3.491287	0.096250		3.491287	0.072350		3.491287	0.195808	
3.527683	0.096283		3.527683	0.072367		3.527683	0.195806	
3.564188	0.096267		3.564188	0.072450		3.564188	0.195808	
3.601379	0.096250		3.601379	0.072333		3.601379	0.195809	
3.640693	0.096300		3.640693	0.072333		3.640693	0.195812	
3.677442	0.096283		3.677442	0.072350		3.677442	0.195810	
3.720946	0.096333		3.720946	0.072367		3.720946	0.195810	
3.758283	0.096300		3.758283	0.072317		3.758283	0.195814	
3.795591	0.096317		3.795591	0.072317		3.795591	0.195807	
3.832119	0.096250		3.832119	0.072250		3.832119	0.195800	
3.869428	0.096283		3.869428	0.072283		3.869428	0.195797	
3.908585	0.096350		3.908585	0.072300		3.908585	0.195798	
3.945036	0.096250		3.945036	0.072267		3.945036	0.195800	
3.982903	0.096217		3.982903	0.072133		3.982903	0.195805	
4.025222	0.096267		4.025222	0.072233		4.025222	0.195803	
4.063525	0.096250		4.063525	0.072250		4.063525	0.195803	
4.105479	0.096217		4.105479	0.072117		4.105479	0.195800	
4.143126	0.096217		4.143126	0.072117		4.143126	0.195797	
4.183286	0.096217		4.183286	0.072133		4.183286	0.195793	
4.220280	0.096233		4.220280	0.072100		4.220280	0.195793	
4.256681	0.096250		4.256681	0.072067		4.256681	0.195799	
4.293129	0.096217		4.293129	0.072000		4.293129	0.195803	
4.329633	0.096183		4.329633	0.072000		4.329633	0.195808	
4.366291	0.096267		4.366291	0.072050		4.366291	0.195809	
4.402741	0.096183		4.402741	0.071933		4.402741	0.195809	
4.439190	0.096200		4.439190	0.071967		4.439190	0.195811	
4.475639	0.096217		4.475639	0.072033		4.475639	0.195811	
4.512089	0.096200		4.512089	0.071967		4.512089	0.195803	
4.548539	0.096150		4.548539	0.071933		4.548539	0.195801	
4.584989	0.096133		4.584989	0.071983		4.584989	0.195800	
4.621440	0.096217		4.621440	0.071933		4.621440	0.195802	
4.657889	0.096217		4.657889	0.071933		4.657889	0.195803	
4.694338	0.096167		4.694338	0.071817		4.694338	0.195799	
4.730788	0.096100		4.730788	0.071900		4.730788	0.195802	
4.767237	0.096167		4.767237	0.071867		4.767237	0.195803	
4.803686	0.096183		4.803686	0.071750		4.803686	0.195801	
4.840136	0.096167		4.840136	0.071717		4.840136	0.195795	
4.876598	0.096183		4.876598	0.071783		4.876598	0.195797	
4.913034	0.096167		4.913034	0.071783		4.913034	0.195804	
4.949484	0.096150		4.949484	0.071717		4.949484	0.195810	
4.985935	0.096167		4.985935	0.071750		4.985935	0.195809	
5.022386	0.096117		5.022386	0.071650		5.022386	0.195807	
5.058836	0.096133		5.058836	0.071733		5.058836	0.195809	
5.095286	0.096117		5.095286	0.071650		5.095286	0.195808	
5.131734	0.096167		5.131734	0.071633		5.131734	0.195810	
5.168182	0.096133		5.168182	0.071600		5.168182	0.195806	
5.204632	0.096150		5.204632	0.071683		5.204632	0.195804	
5.241083	0.096150		5.241083	0.071667		5.241083	0.195800	
5.277534	0.096100		5.277534	0.071667		5.277534	0.195797	
5.313984	0.096083		5.313984	0.071600		5.313984	0.195797	
5.350446	0.096133		5.350446	0.071517		5.350446	0.195800	
5.386883	0.096100		5.386883	0.071533		5.386883	0.195807	
5.423360	0.096067		5.423360	0.071467		5.423360	0.195805	
5.460301	0.096117		5.460301	0.071467		5.460301	0.195803	
5.496751	0.096050		5.496751	0.071550		5.496751	0.195805	
5.533202	0.096100		5.533202	0.071400		5.533202	0.195807	
5.569652	0.096000		5.569652	0.071267		5.569652	0.195809	
5.606102	0.096083		5.606102	0.071367		5.606102	0.195805	
5.642551	0.096100		5.642551	0.071400		5.642551	0.195796	
5.679000	0.096133		5.679000	0.071367		5.679000	0.195794	
5.715450	0.096117		5.715450	0.071200		5.715450	0.195795	
5.751901	0.096083		5.751901	0.071300		5.751901	0.195802	
5.788351	0.096100		5.788351	0.071200		5.788351	0.195803	
5.824812	0.096100		5.824812	0.071067		5.824812	0.195799	
5.861249	0.096017		5.861249	0.071133		5.861249	0.195797	
5.897698	0.096067		5.897698	0.071133		5.897698	0.195799	
5.934150	0.096083		5.934150	0.071100		5.934150	0.195803	
5.970599	0.096083		5.970599	0.071133		5.970599	0.195809	
6.007050	0.096050		6.007050	0.071033		6.007050	0.195810	
6.043499	0.096017		6.043499	0.071100		6.043499	0.195810	
6.079949	0.096050		6.079949	0.071000		6.079949	0.195810	
6.116398	0.096067		6.116398	0.071100		6.116398	0.195812	
6.152847	0.096067		6.152847	0.071033		6.152847	0.195812	
6.189298	0.096083		6.189298	0.071000		6.189298	0.195818	
6.225747	0.096050		6.225747	0.071000		6.225747	0.195810	
6.262198	0.095967		6.262198	0.071033		6.262198	0.195800	
6.298644	0.096000		6.298644	0.071033		6.298644	0.195797	
6.335096	0.096000		6.335096	0.071000		6.335096	0.195798	
6.371547	0.096100		6.371547	0.071000		6.371547	0.195798	
6.407997	0.096067		6.407997	0.070983		6.407997	0.195796	
6.444447	0.096017		6.444447	0.070933		6.444447	0.195797	
6.480896	0.096033		6.480896	0.070950		6.480896	0.195805	
6.517343	0.096067		6.517343	0.071033		6.517343	0.195803	
6.554835	0.096000		6.554835	0.070900		6.554835	0.195804	
6.591558	0.096000		6.591558	0.071000		6.591558	0.195804	
6.627995	0.096017		6.627995	0.070883		6.627995	0.195805	
6.664447	0.096000		6.664447	0.070883		6.664447	0.195800	
6.700908	0.096033		6.700908	0.070833		6.700908	0.195799	
6.737343	0.096000		6.737343	0.070900		6.737343	0.195799	
6.773795	0.096033		6.773795	0.070850		6.773795	0.195795	
6.810246	0.096017		6.810246	0.070883		6.810246	0.195794	
6.846694	0.095933		6.846694	0.070850		6.846694	0.195802	
6.883144	0.096000		6.883144	0.070767		6.883144	0.195810	
6.919593	0.096000		6.919593	0.070817		6.919593	0.195806	
6.956045	0.096067		6.956045	0.070917		6.956045	0.195803	
6.992507	0.095983		6.992507	0.070800		6.992507	0.195800	
7.028943	0.095933		7.028943	0.070783		7.028943	0.195801	
7.065393	0.096083		7.065393	0.070717		7.065393	0.195808	
7.101842	0.095967		7.101842	0.070783		7.101842	0.195804	
7.138293	0.096000		7.138293	0.070750		7.138293	0.195805	
7.174742	0.095950		7.174742	0.070783		7.174742	0.195803	
7.211191	0.096033		7.211191	0.070750		7.211191	0.195806	
7.247642	0.096017		7.247642	0.070767		7.247642	0.195806	
7.284091	0.095917		7.284091	0.070717		7.284091	0.195807	
7.320540	0.095983		7.320540	0.070700		7.320540	0.195807	
7.356990	0.096000		7.356990	0.070733		7.356990	0.195807	
7.393440	0.096017		7.393440	0.070700		7.393440	0.195808	
7.429889	0.096000		7.429889	0.070700		7.429889	0.195810	
7.466338	0.096017		7.466338	0.070667		7.466338	0.195805	
7.502802	0.096000		7.502802	0.070683		7.502802	0.195800	
7.539239	0.095983		7.539239	0.070667		7.539239	0.195802	
7.575688	0.096017		7.575688	0.070650		7.575688	0.195803	
7.612139	0.095983		7.612139	0.070683		7.612139	0.195805	
7.648928	0.096033		7.648928	0.070683		7.648928	0.195808	
7.685557	0.096067		7.685557	0.070700		7.685557	0.195812	
7.722008	0.095967		7.722008	0.070667		7.722008	0.195811	
7.758459	0.095983		7.758459	0.070683		7.758459	0.195813	
7.794907	0.095967		7.794907	0.070667		7.794907	0.195815	
7.831357	0.095983		7.831357	0.070667		7.831357	0.195806	
7.867805	0.095950		7.867805	0.070683		7.867805	0.195801	
7.904256	0.095933		7.904256	0.070650		7.904256	0.195794	
7.940707	0.095983		7.940707	0.070650		7.940707	0.195794	
7.977156	0.095883		7.977156	0.070633		7.977156	0.195803	
8.013605	0.096000		8.013605	0.070633		8.013605	0.195808	
8.050056	0.096000		8.050056	0.070600		8.050056	0.195805	
8.086507	0.095933		8.086507	0.070667		8.086507	0.195805	
8.122953	0.095983		8.122953	0.070633		8.122953	0.195807	
8.159404	0.095950		8.159404	0.070600		8.159404	0.195815	
8.195853	0.095967		8.195853	0.070667		8.195853	0.195810	
8.232302	0.095933		8.232302	0.070650		8.232302	0.195804	
8.268754	0.095950		8.268754	0.070600		8.268754	0.195805	
8.305202	0.095967		8.305202	0.070517		8.305202	0.195813	
8.341655	0.096000		8.341655	0.070617		8.341655	0.195809	
8.378104	0.095933		8.378104	0.070617		8.378104	0.195808	
8.414554	0.095950		8.414554	0.070600		8.414554	0.195809	
8.451015	0.095950		8.451015	0.070567		8.451015	0.195810	
8.487452	0.096000		8.487452	0.070567		8.487452	0.195810	
8.523902	0.095933		8.523902	0.070617		8.523902	0.195810	
8.560350	0.096000		8.560350	0.070583		8.560350	0.195811	
8.596804	0.095967		8.596804	0.070600		8.596804	0.195807	
8.633253	0.095983		8.633253	0.070533		8.633253	0.195805	
8.669701	0.095950		8.669701	0.070517		8.669701	0.195805	
8.706151	0.095950		8.706151	0.070550		8.706151	0.195808	
8.742651	0.095917		8.742651	0.070533		8.742651	0.195809	
8.779310	0.095933		8.779310	0.070567		8.779310	0.195803	
8.815762	0.095967		8.815762	0.070567		8.815762	0.195794	
8.852211	0.095933		8.852211	0.070550		8.852211	0.195792	
8.888659	0.095950		8.888659	0.070550		8.888659	0.195801	
8.925111	0.095850		8.925111	0.070467		8.925111	0.195809	
8.961561	0.095967		8.961561	0.070517		8.961561	0.195810	
8.998008	0.096033		8.998008	0.070483		8.998008	0.195811	
9.034457	0.095933		9.034457	0.070617		9.034457	0.195809	
9.070908	0.095917		9.070908	0.070500		9.070908	0.195805	
9.107357	0.095917		9.107357	0.070467		9.107357	0.195804	
9.143808	0.095983		9.143808	0.070383		9.143808	0.195807	
9.180255	0.095967		9.180255	0.070500		9.180255	0.195806	
9.216706	0.095950		9.216706	0.070467		9.216706	0.195807	
9.253158	0.095883		9.253158	0.070400		9.253158	0.195807	
9.289605	0.095967		9.289605	0.070533		9.289605	0.195816	
9.326056	0.095950		9.326056	0.070483		9.326056	0.195813	
9.362506	0.096000		9.362506	0.070500		9.362506	0.195807	
9.398956	0.096017		9.398956	0.070517		9.398956	0.195807	
9.435417	0.095967		9.435417	0.070400		9.435417	0.195810	
9.471854	0.095917		9.471854	0.070433		9.471854	0.195811	
9.508303	0.095900		9.508303	0.070433		9.508303	0.195811	
9.544754	0.095917		9.544754	0.070417		9.544754	0.195816	
9.581203	0.095917		9.581203	0.070383		9.581203	0.195817	
9.617653	0.096000		9.617653	0.070450		9.617653	0.195813	
9.654105	0.095883		9.654105	0.070383		9.654105	0.195812	
9.690568	0.095950		9.690568	0.070433		9.690568	0.195808	
9.727003	0.095917		9.727003	0.070417		9.727003	0.195802	
9.763453	0.095933		9.763453	0.070417		9.763453	0.195801	
9.799903	0.095933		9.799903	0.070417		9.799903	0.195805	
9.836497	0.095917		9.836497	0.070350		9.836497	0.195806	
9.873584	0.095917		9.873584	0.070433		9.873584	0.195802	
9.910032	0.095883		9.910032	0.070333		9.910032	0.195804	
9.946482	0.095950		9.946482	0.070400		9.946482	0.195808	
9.982933	0.095900		9.982933	0.070367		9.982933	0.195810	
10.019382	0.095883		10.019382	0.070383		10.019382	0.195809	
10.055833	0.095917		10.055833	0.070450		10.055833	0.195810	
10.092281	0.095967		10.092281	0.070417		10.092281	0.195810	
10.128734	0.095883		10.128734	0.070450		10.128734	0.195805	
10.165195	0.095967		10.165195	0.070400		10.165195	0.195800	
10.201631	0.095950		10.201631	0.070433		10.201631	0.195797	
10.238080	0.095900		10.238080	0.070367		10.238080	0.195797	
10.274530	0.095900		10.274530	0.070350		10.274530	0.195803	
10.310980	0.095900		10.310980	0.070350		10.310980	0.195807	
10.347429	0.095967		10.347429	0.070333		10.347429	0.195806	
10.383879	0.095900		10.383879	0.070333		10.383879	0.195805	
10.420329	0.095900		10.420329	0.070333		10.420329	0.195803	
10.456779	0.095933		10.456779	0.070383		10.456779	0.195805	
10.493229	0.095900		10.493229	0.070333		10.493229	0.195811	
10.529678	0.095983		10.529678	0.070400		10.529678	0.195805	
10.566128	0.096000		10.566128	0.070383		10.566128	0.195804	
10.602577	0.095917		10.602577	0.070350		10.602577	0.195807	
10.639029	0.095900		10.639029	0.070350		10.639029	0.195811	
10.675478	0.095917		10.675478	0.070250		10.675478	0.195809	
10.711927	0.095917		10.711927	0.070300		10.711927	0.195810	
10.748377	0.095883		10.748377	0.070350		10.748377	0.195812	
10.784825	0.095833		10.784825	0.070350		10.784825	0.195811	
10.821275	0.095900		10.821275	0.070300		10.821275	0.195807	
10.857725	0.095933		10.857725	0.070333		10.857725	0.195799	
10.894176	0.095967		10.894176	0.070317		10.894176	0.195797	
10.930625	0.095867		10.930625	0.070367		10.930625	0.195798	
10.967712	0.095900		10.967712	0.070333		10.967712	0.195798	
11.004307	0.095867		11.004307	0.070350		11.004307	0.195804	
11.040756	0.095983		11.040756	0.070350		11.040756	0.195805	
11.077205	0.095867		11.077205	0.070300		11.077205	0.195806	
11.113655	0.095900		11.113655	0.070367		11.113655	0.195807	
11.150105	0.095917		11.150105	0.070400		11.150105	0.195808	
11.186553	0.095967		11.186553	0.070367		11.186553	0.195804	
11.223005	0.095933		11.223005	0.070433		11.223005	0.195805	
11.259455	0.095933		11.259455	0.070567		11.259455	0.195805	
11.295904	0.095983		11.295904	0.070583		11.295904	0.195807	
11.332354	0.096000		11.332354	0.070650		11.332354	0.195809	
11.368802	0.096000		11.368802	0.070683		11.368802	0.195808	
11.405252	0.095983		11.405252	0.070667		11.405252	0.195807	
11.441702	0.096017		11.441702	0.070733		11.441702	0.195806	
11.478153	0.096050		11.478153	0.070800		11.478153	0.195814	
11.514601	0.096017		11.514601	0.070733		11.514601	0.195822	
11.551051	0.096017		11.551051	0.070883		11.551051	0.195813	
11.587502	0.096017		11.587502	0.070917		11.587502	0.195813	
11.623952	0.096017		11.623952	0.070900		11.623952	0.195809	
11.660400	0.095983		11.660400	0.070950		11.660400	0.195805	
11.696853	0.096033		11.696853	0.070900		11.696853	0.195805	
11.733302	0.096033		11.733302	0.070917		11.733302	0.195808	
11.769751	0.096067		11.769751	0.070967		11.769751	0.195809	
11.806200	0.096017		11.806200	0.071000		11.806200	0.195812	
11.842650	0.096033		11.842650	0.070950		11.842650	0.195818	
11.879099	0.096083		11.879099	0.071000		11.879099	0.195816	
11.915550	0.096033		11.915550	0.070983		11.915550	0.195815	
11.951999	0.096000		11.951999	0.071000		11.951999	0.195814	
11.988448	0.096050		11.988448	0.071033		11.988448	0.195817	
12.024899	0.096067		12.024899	0.071000		12.024899	0.195815	
12.061700	0.096067		12.061700	0.071033		12.061700	0.195809	
12.098318	0.096000		12.098318	0.071000		12.098318	0.195808	
12.134769	0.096050		12.134769	0.070967		12.134769	0.195810	
12.171216	0.096083		12.171216	0.071000		12.171216	0.195813	
12.207668	0.096017		12.207668	0.070983		12.207668	0.195814	
12.244118	0.096000		12.244118	0.071033		12.244118	0.195817	
12.280567	0.096100		12.280567	0.071000		12.280567	0.195818	
12.317018	0.096017		12.317018	0.071100		12.317018	0.195807	
12.353467	0.096050		12.353467	0.071000		12.353467	0.195803	
12.389916	0.096050		12.389916	0.071033		12.389916	0.195803	
12.426367	0.096000		12.426367	0.071000		12.426367	0.195807	
12.462815	0.096100		12.462815	0.071200		12.462815	0.195813	
12.499265	0.096033		12.499265	0.071133		12.499265	0.195807	
12.535714	0.096083		12.535714	0.071167		12.535714	0.195806	
12.572166	0.096083		12.572166	0.071150		12.572166	0.195811	
12.608614	0.096083		12.608614	0.071133		12.608614	0.195811	
12.645065	0.096067		12.645065	0.071133		12.645065	0.195809	
12.681515	0.096033		12.681515	0.071200		12.681515	0.195809	
12.717964	0.096067		12.717964	0.071267		12.717964	0.195812	
12.754414	0.096117		12.754414	0.071333		12.754414	0.195816	
12.790864	0.095983		12.790864	0.071600		12.790864	0.195817	
12.827314	0.096067		12.827314	0.071467		12.827314	0.195820	
12.863764	0.096100		12.863764	0.071633		12.863764	0.195818	
12.900211	0.096100		12.900211	0.071600		12.900211	0.195808	
12.936662	0.096050		12.936662	0.071567		12.936662	0.195808	
12.973111	0.096117		12.973111	0.071633		12.973111	0.195811	
13.009561	0.096050		13.009561	0.071600		13.009561	0.195817	
13.046013	0.096133		13.046013	0.071633		13.046013	0.195816	
13.082460	0.096083		13.082460	0.071667		13.082460	0.195808	
13.118910	0.096100		13.118910	0.071667		13.118910	0.195808	
13.155463	0.096100		13.155463	0.071667		13.155463	0.195814	
13.192072	0.096100		13.192072	0.071683		13.192072	0.195814	
13.228521	0.096200		13.228521	0.071683		13.228521	0.195813	
13.264970	0.096183		13.264970	0.071717		13.264970	0.195812	
13.301420	0.096100		13.301420	0.071683		13.301420	0.195807	
13.337871	0.096133		13.337871	0.071750		13.337871	0.195805	
13.374319	0.096100		13.374319	0.071750		13.374319	0.195804	
13.410769	0.096067		13.410769	0.071733		13.410769	0.195809	
13.447217	0.096100		13.447217	0.071683		13.447217	0.195817	
13.483667	0.096117		13.483667	0.071717		13.483667	0.195810	
13.520117	0.096083		13.520117	0.071717		13.520117	0.195809	
13.556568	0.096117		13.556568	0.071700		13.556568	0.195809	
13.593018	0.096133		13.593018	0.071750		13.593018	0.195810	
13.629467	0.096100		13.629467	0.071733		13.629467	0.195812	
13.665918	0.096100		13.665918	0.071733		13.665918	0.195811	
13.702367	0.096150		13.702367	0.071717		13.702367	0.195817	
13.738816	0.096183		13.738816	0.071700		13.738816	0.195820	
13.775267	0.096100		13.775267	0.071700		13.775267	0.195815	
13.811716	0.096133		13.811716	0.071700		13.811716	0.195814	
13.848166	0.096117		13.848166	0.071717		13.848166	0.195814	
13.884615	0.096100		13.884615	0.071717		13.884615	0.195809	
13.921064	0.096100		13.921064	0.071667		13.921064	0.195803	
13.957516	0.096083		13.957516	0.071667		13.957516	0.195810	
13.993965	0.096100		13.993965	0.071633		13.993965	0.195816	
14.030415	0.096100		14.030415	0.071667		14.030415	0.195818	
14.066866	0.096100		14.066866	0.071683		14.066866	0.195818	
14.103315	0.096083		14.103315	0.071600		14.103315	0.195817	
14.139765	0.096100		14.139765	0.071617		14.139765	0.195813	
14.176214	0.096083		14.176214	0.071600		14.176214	0.195810	
14.212664	0.096083		14.212664	0.071633		14.212664	0.195811	
14.249230	0.096067		14.249230	0.071667		14.249230	0.195811	
14.286082	0.096100		14.286082	0.071533		14.286082	0.195815	
14.322533	0.096083		14.322533	0.071517		14.322533	0.195810	
14.358984	0.096083		14.358984	0.071533		14.358984	0.195811	
14.395432	0.096067		14.395432	0.071367		14.395432	0.195818	
14.431884	0.096050		14.431884	0.071467		14.431884	0.195808	
14.468331	0.096117		14.468331	0.071333		14.468331	0.195806	
14.504780	0.096033		14.504780	0.071333		14.504780	0.195806	
14.541229	0.096067		14.541229	0.071233		14.541229	0.195809	
14.577679	0.095983		14.577679	0.071233		14.577679	0.195813	
14.614130	0.096050		14.614130	0.071233		14.614130	0.195818	
14.650579	0.096117		14.650579	0.071200		14.650579	0.195820	
14.687042	0.096067		14.687042	0.071133		14.687042	0.195819	
14.723479	0.096117		14.723479	0.071033		14.723479	0.195817	
14.759930	0.096050		14.759930	0.071000		14.759930	0.195817	
14.796378	0.096017		14.796378	0.070983		14.796378	0.195817	
14.832829	0.096033		14.832829	0.071067		14.832829	0.195816	
14.869280	0.096000		14.869280	0.071033		14.869280	0.195816	
14.905727	0.096067		14.905727	0.070967		14.905727	0.195820	
14.942191	0.096033		14.942191	0.070967		14.942191	0.195824	
14.978628	0.096100		14.978628	0.071000		14.978628	0.195824	
15.015078	0.096000		15.015078	0.071000		15.015078	0.195807	
15.051528	0.096017		15.051528	0.070967		15.051528	0.195801	
15.087977	0.096000		15.087977	0.070967		15.087977	0.195802	
15.124424	0.096033		15.124424	0.070933		15.124424	0.195810	
15.160887	0.095983		15.160887	0.070900		15.160887	0.195808	
15.197328	0.096033		15.197328	0.070917		15.197328	0.195808	
15.233775	0.095950		15.233775	0.070900		15.233775	0.195809	
15.270226	0.096017		15.270226	0.070917		15.270226	0.195809	
15.306675	0.096050		15.306675	0.070833		15.306675	0.195814	
15.343153	0.096000		15.343153	0.070783		15.343153	0.195809	
15.380565	0.095983		15.380565	0.070767		15.380565	0.195810	
15.417067	0.096000		15.417067	0.070800		15.417067	0.195811	
15.453515	0.096017		15.453515	0.070867		15.453515	0.195812	
15.489966	0.096000		15.489966	0.070750		15.489966	0.195809	
15.526414	0.096000		15.526414	0.070817		15.526414	0.195808	
15.562865	0.095950		15.562865	0.070750		15.562865	0.195808	
15.599316	0.096017		15.599316	0.070733		15.599316	0.195812	
15.635763	0.095983		15.635763	0.070750		15.635763	0.195814	
15.672215	0.096017		15.672215	0.070700		15.672215	0.195809	
15.708663	0.095967		15.708663	0.070750		15.708663	0.195805	
15.745111	0.095983		15.745111	0.070767		15.745111	0.195806	
15.781574	0.095967		15.781574	0.070717		15.781574	0.195816	
15.818012	0.095983		15.818012	0.070750		15.818012	0.195816	
15.854463	0.096000		15.854463	0.070683		15.854463	0.195811	
15.890913	0.096033		15.890913	0.070717		15.890913	0.195813	
15.927361	0.095933		15.927361	0.070717		15.927361	0.195809	
15.963812	0.096017		15.963812	0.070700		15.963812	0.195803	
16.000263	0.095983		16.000263	0.070683		16.000263	0.195807	
16.036711	0.095983		16.036711	0.070683		16.036711	0.195814	
16.073160	0.095950		16.073160	0.070667		16.073160	0.195807	
16.109610	0.095983		16.109610	0.070667		16.109610	0.195800	
16.146059	0.095983		16.146059	0.070717		16.146059	0.195799	
16.182507	0.095933		16.182507	0.070633		16.182507	0.195799	
16.218960	0.095967		16.218960	0.070683		16.218960	0.195806	
16.255409	0.096033		16.255409	0.070700		16.255409	0.195809	
16.291859	0.095950		16.291859	0.070667		16.291859	0.195806	
16.328308	0.095967		16.328308	0.070667		16.328308	0.195801	
16.364759	0.095983		16.364759	0.070667		16.364759	0.195797	
16.401209	0.095867		16.401209	0.070683		16.401209	0.195792	
16.437658	0.096000		16.437658	0.070667		16.437658	0.195796	
16.474930	0.095933		16.474930	0.070667		16.474930	0.195801	
16.511600	0.095983		16.511600	0.070700		16.511600	0.195807	
16.548050	0.095950		16.548050	0.070667		16.548050	0.195803	
16.584499	0.096000		16.584499	0.070667		16.584499	0.195802	
16.620951	0.095967		16.620951	0.070683		16.620951	0.195799	
16.657400	0.095983		16.657400	0.070667		16.657400	0.195805	
16.693850	0.096000		16.693850	0.070717		16.693850	0.195805	
16.730297	0.096017		16.730297	0.070733		16.730297	0.195809	
16.766748	0.095933		16.766748	0.070733		16.766748	0.195812	
16.803198	0.095967		16.803198	0.070733		16.803198	0.195813	
16.839647	0.096000		16.839647	0.070800		16.839647	0.195812	
16.876097	0.096050		16.876097	0.070800		16.876097	0.195813	
16.912546	0.096000		16.912546	0.070750		16.912546	0.195814	
16.948994	0.095967		16.948994	0.070700		16.948994	0.195816	
16.985445	0.096000		16.985445	0.070833		16.985445	0.195816	
17.021893	0.095983		17.021893	0.070800		17.021893	0.195819	
17.058344	0.095967		17.058344	0.070867		17.058344	0.195809	
17.094793	0.096017		17.094793	0.070883		17.094793	0.195802	
17.131241	0.095983		17.131241	0.070917		17.131241	0.195801	
17.169254	0.096067		17.169254	0.070883		17.169254	0.195803	
17.206841	0.096000		17.206841	0.070933		17.206841	0.195810	
17.244240	0.096000		17.244240	0.070967		17.244240	0.195812	
17.280689	0.096000		17.280689	0.070967		17.280689	0.195813	
17.317139	0.096083		17.317139	0.070983		17.317139	0.195813	
17.353590	0.096017		17.353590	0.070967		17.353590	0.195805	
17.390038	0.096000		17.390038	0.071000		17.390038	0.195805	
17.426489	0.095983		17.426489	0.071000		17.426489	0.195809	
17.462938	0.096067		17.462938	0.071067		17.462938	0.195809	
17.499388	0.096017		17.499388	0.070983		17.499388	0.195806	
17.535837	0.096050		17.535837	0.071033		17.535837	0.195811	
17.572729	0.096083		17.572729	0.071033		17.572729	0.195815	
17.609516	0.096083		17.609516	0.071100		17.609516	0.195801	
17.645966	0.096000		17.645966	0.071100		17.645966	0.195798	
17.682417	0.096017		17.682417	0.071033		17.682417	0.195799	
17.718864	0.096050		17.718864	0.071033		17.718864	0.195805	
17.755316	0.096033		17.755316	0.071267		17.755316	0.195808	
17.791765	0.096117		17.791765	0.071033		17.791765	0.195801	
17.828217	0.096033		17.828217	0.071100		17.828217	0.195801	
17.864664	0.096050		17.864664	0.071167		17.864664	0.195806	
17.901114	0.096050		17.901114	0.071133		17.901114	0.195806	
17.937565	0.096100		17.937565	0.071067		17.937565	0.195806	
17.974014	0.096017		17.974014	0.071233		17.974014	0.195807	
18.010464	0.096033		18.010464	0.071200		18.010464	0.195814	
18.046913	0.096033		18.046913	0.071133		18.046913	0.195815	
18.083364	0.096083		18.083364	0.071033		18.083364	0.195810	
18.119812	0.096017		18.119812	0.071167		18.119812	0.195805	
18.156263	0.096033		18.156263	0.071167		18.156263	0.195804	
18.192715	0.096100		18.192715	0.071067		18.192715	0.195804	
18.229162	0.096083		18.229162	0.071000		18.229162	0.195808	
18.265625	0.096000		18.265625	0.071033		18.265625	0.195816	
18.302063	0.096017		18.302063	0.071067		18.302063	0.195820	
18.338511	0.096000		18.338511	0.070983		18.338511	0.195818	
18.374964	0.096017		18.374964	0.071033		18.374964	0.195813	
18.411411	0.096033		18.411411	0.071050		18.411411	0.195812	
18.447863	0.096033		18.447863	0.070983		18.447863	0.195817	
18.484312	0.096017		18.484312	0.070983		18.484312	0.195814	
18.520760	0.096000		18.520760	0.070883		18.520760	0.195812	
18.557222	0.096017		18.557222	0.070933		18.557222	0.195819	
18.593660	0.096017		18.593660	0.070883		18.593660	0.195821	
18.630112	0.095983		18.630112	0.070800		18.630112	0.195820	
18.666626	0.096017		18.666626	0.070817		18.666626	0.195812	
18.703268	0.096050		18.703268	0.070783		18.703268	0.195812	
18.739719	0.096017		18.739719	0.070817		18.739719	0.195813	
18.776171	0.096000		18.776171	0.070717		18.776171	0.195812	
18.812620	0.095933		18.812620	0.070667		18.812620	0.195813	
18.849068	0.095983		18.849068	0.070700		18.849068	0.195818	
18.885519	0.095983		18.885519	0.070667		18.885519	0.195815	
18.921967	0.095967		18.921967	0.070667		18.921967	0.195808	
18.958418	0.095950		18.958418	0.070650		18.958418	0.195808	
18.994867	0.095950		18.994867	0.070617		18.994867	0.195804	
19.031319	0.095900		19.031319	0.070600		19.031319	0.195800	
19.067764	0.095933		19.067764	0.070650		19.067764	0.195802	
19.104214	0.096033		19.104214	0.070633		19.104214	0.195807	
19.140665	0.095967		19.140665	0.070567		19.140665	0.195810	
19.177130	0.095917		19.177130	0.070483		19.177130	0.195811	
19.213562	0.095933		19.213562	0.070517		19.213562	0.195807	
19.250015	0.095967		19.250015	0.070517		19.250015	0.195806	
19.286465	0.095983		19.286465	0.070450		19.286465	0.195810	
19.322916	0.095933		19.322916	0.070417		19.322916	0.195810	
19.359364	0.095933		19.359364	0.070433		19.359364	0.195809	
19.395813	0.095950		19.395813	0.070417		19.395813	0.195806	
19.432261	0.095900		19.432261	0.070383		19.432261	0.195802	
19.468716	0.095983		19.468716	0.070383		19.468716	0.195806	
19.505165	0.095900		19.505165	0.070367		19.505165	0.195810	
19.541615	0.095883		19.541615	0.070383		19.541615	0.195809	
19.578062	0.095933		19.578062	0.070317		19.578062	0.195806	
19.614515	0.095933		19.614515	0.070333		19.614515	0.195800	
19.650963	0.095850		19.650963	0.070383		19.650963	0.195796	
19.687412	0.095917		19.687412	0.070333		19.687412	0.195794	
19.723875	0.095950		19.723875	0.070367		19.723875	0.195797	
19.760340	0.095950		19.760340	0.070350		19.760340	0.195803	
19.797281	0.095933		19.797281	0.070367		19.797281	0.195808	
19.833733	0.095850		19.833733	0.070383		19.833733	0.195805	
19.870182	0.095917		19.870182	0.070367		19.870182	0.195806	
19.906631	0.095867		19.906631	0.070333		19.906631	0.195809	
19.943083	0.095967		19.943083	0.070333		19.943083	0.195812	
19.979530	0.095917		19.979530	0.070333		19.979530	0.195809	
20.015980	0.095900		20.015980	0.070333		20.015980	0.195804	
20.052429	0.095900		20.052429	0.070333		20.052429	0.195801	
20.088879	0.095883		20.088879	0.070350		20.088879	0.195804	
20.125328	0.095933		20.125328	0.070300		20.125328	0.195815	
20.161777	0.095900		20.161777	0.070350		20.161777	0.195816	
20.198227	0.095883		20.198227	0.070333		20.198227	0.195805	
20.234676	0.095850		20.234676	0.070333		20.234676	0.195798	
20.271130	0.095867		20.271130	0.070333		20.271130	0.195796	
20.307575	0.095950		20.307575	0.070300		20.307575	0.195799	
20.344028	0.095867		20.344028	0.070283		20.344028	0.195805	
20.380476	0.095917		20.380476	0.070317		20.380476	0.195807	
20.416927	0.095917		20.416927	0.070350		20.416927	0.195801	
20.453375	0.095900		20.453375	0.070317		20.453375	0.195790	
20.489826	0.095883		20.489826	0.070333		20.489826	0.195791	
20.526276	0.095950		20.526276	0.070283		20.526276	0.195803	
20.562727	0.095933		20.562727	0.070300		20.562727	0.195811	
20.599174	0.095933		20.599174	0.070317		20.599174	0.195814	
20.635624	0.095867		20.635624	0.070300		20.635624	0.195809	
20.672073	0.095933		20.672073	0.070333		20.672073	0.195798	
20.708536	0.095900		20.708536	0.070383		20.708536	0.195797	
20.744978	0.095883		20.744978	0.070333		20.744978	0.195805	
20.781424	0.095950		20.781424	0.070333		20.781424	0.195797	
20.817871	0.095933		20.817871	0.070333		20.817871	0.195792	
20.854322	0.095867		20.854322	0.070333		20.854322	0.195795	
20.891464	0.095950		20.891464	0.070350		20.891464	0.195799	
20.928005	0.095900		20.928005	0.070300		20.928005	0.195805	
20.964455	0.095933		20.964455	0.070300		20.964455	0.195799	
21.000902	0.095833		21.000902	0.070317		21.000902	0.195794	
21.037354	0.095883		21.037354	0.070317		21.037354	0.195793	
21.073805	0.095900		21.073805	0.070350		21.073805	0.195798	
21.110266	0.095850		21.110266	0.070283		21.110266	0.195805	
21.146715	0.095900		21.146715	0.070317		21.146715	0.195805	
21.183151	0.095883		21.183151	0.070350		21.183151	0.195802	
21.219601	0.095817		21.219601	0.070300		21.219601	0.195800	
21.256079	0.095883		21.256079	0.070350		21.256079	0.195800	
21.292500	0.095900		21.292500	0.070267		21.292500	0.195798	
21.328953	0.095817		21.328953	0.070283		21.328953	0.195800	
21.365412	0.095833		21.365412	0.070333		21.365412	0.195795	
21.401854	0.095850		21.401854	0.070233		21.401854	0.195794	
21.438301	0.095900		21.438301	0.070317		21.438301	0.195794	
21.474751	0.095867		21.474751	0.070267		21.474751	0.195799	
21.511198	0.095983		21.511198	0.070267		21.511198	0.195800	
21.547649	0.095867		21.547649	0.070317		21.547649	0.195802	
21.584099	0.095933		21.584099	0.070283		21.584099	0.195803	
21.620548	0.095850		21.620548	0.070300		21.620548	0.195802	
21.656998	0.095967		21.656998	0.070317		21.656998	0.195805	
21.693449	0.095883		21.693449	0.070250		21.693449	0.195804	
21.729908	0.095867		21.729908	0.070300		21.729908	0.195802	
21.766346	0.095883		21.766346	0.070250		21.766346	0.195799	
21.802797	0.095917		21.802797	0.070300		21.802797	0.195799	
21.839247	0.095917		21.839247	0.070300		21.839247	0.195807	
21.875696	0.095900		21.875696	0.070300		21.875696	0.195811	
21.912144	0.095850		21.912144	0.070283		21.912144	0.195812	
21.948597	0.095900		21.948597	0.070300		21.948597	0.195814	
21.985344	0.095933		21.985344	0.070250		21.985344	0.195814	
22.022017	0.095883		22.022017	0.070317		22.022017	0.195814	
22.058466	0.095867		22.058466	0.070317		22.058466	0.195812	
22.094944	0.095933		22.094944	0.070283		22.094944	0.195813	
22.131363	0.095917		22.131363	0.070250		22.131363	0.195814	
22.167818	0.095950		22.167818	0.070300		22.167818	0.195808	
22.204292	0.095917		22.204292	0.070250		22.204292	0.195799	
22.240715	0.095900		22.240715	0.070250		22.240715	0.195798	
22.277164	0.095867		22.277164	0.070217		22.277164	0.195801	
22.313616	0.095967		22.313616	0.070233		22.313616	0.195809	
22.350063	0.095867		22.350063	0.070300		22.350063	0.195816	
22.386515	0.095900		22.386515	0.070267		22.386515	0.195811	
22.422964	0.095817		22.422964	0.070233		22.422964	0.195802	
22.459414	0.095833		22.459414	0.070233		22.459414	0.195803	
22.495865	0.095883		22.495865	0.070250		22.495865	0.195803	
22.532312	0.095867		22.532312	0.070167		22.532312	0.195798	
22.568764	0.095900		22.568764	0.070217		22.568764	0.195799	
22.605211	0.095833		22.605211	0.070183		22.605211	0.195800	
22.641663	0.095867		22.641663	0.070233		22.641663	0.195804	
22.678116	0.095900		22.678116	0.070267		22.678116	0.195808	
22.714560	0.095883		22.714560	0.070250		22.714560	0.195806	
22.751011	0.095833		22.751011	0.070250		22.751011	0.195801	
22.787460	0.095900		22.787460	0.070233		22.787460	0.195801	
22.823910	0.095850		22.823910	0.070200		22.823910	0.195806	
22.860357	0.095917		22.860357	0.070200		22.860357	0.195803	
22.896811	0.095867		22.896811	0.070200		22.896811	0.195800	
22.933260	0.095850		22.933260	0.070233		22.933260	0.195803	
22.969709	0.095900		22.969709	0.070167		22.969709	0.195803	
23.006159	0.095867		23.006159	0.070150		23.006159	0.195808	
23.042608	0.095917		23.042608	0.070217		23.042608	0.195811	
23.079187	0.095850		23.079187	0.070167		23.079187	0.195807	
23.116032	0.095867		23.116032	0.070150		23.116032	0.195809	
23.152475	0.095850		23.152475	0.070167		23.152475	0.195809	
23.188929	0.095883		23.188929	0.070283		23.188929	0.195809	
23.225376	0.095867		23.225376	0.070250		23.225376	0.195805	
23.261829	0.095833		23.261829	0.070200		23.261829	0.195803	
23.298277	0.095900		23.298277	0.070283		23.298277	0.195807	
23.334728	0.095900		23.334728	0.070183		23.334728	0.195819	
23.371189	0.095917		23.371189	0.070183		23.371189	0.195813	
23.407625	0.095800		23.407625	0.070167		23.407625	0.195805	
23.444075	0.095900		23.444075	0.070167		23.444075	0.195804	
23.480526	0.095883		23.480526	0.070167		23.480526	0.195808	
23.516977	0.095867		23.516977	0.070150		23.516977	0.195813	
23.553425	0.095867		23.553425	0.070133		23.553425	0.195809	
23.589878	0.095867		23.589878	0.070133		23.589878	0.195802	
23.626328	0.095867		23.626328	0.070167		23.626328	0.195801	
23.662777	0.095883		23.662777	0.070167		23.662777	0.195798	
23.699226	0.095850		23.699226	0.070117		23.699226	0.195798	
23.735676	0.095833		23.735676	0.070083		23.735676	0.195798	
23.772123	0.095967		23.772123	0.070100		23.772123	0.195810	
23.808573	0.095883		23.808573	0.070100		23.808573	0.195805	
23.845020	0.095800		23.845020	0.070067		23.845020	0.195804	
23.881483	0.095833		23.881483	0.070150		23.881483	0.195807	
23.917923	0.095833		23.917923	0.070117		23.917923	0.195805	
23.954374	0.095800		23.954374	0.070100		23.954374	0.195799	
23.990824	0.095850		23.990824	0.070067		23.990824	0.195794	
24.027273	0.095850		24.027273	0.070067		24.027273	0.195789	
24.063723	0.095817		24.063723	0.070050		24.063723	0.195784	
24.100170	0.095883		24.100170	0.070100		24.100170	0.195791	
24.136620	0.095850		24.136620	0.070150		24.136620	0.195797	
24.173107	0.095817		24.173107	0.070133		24.173107	0.195802	
24.210300	0.095817		24.210300	0.070050		24.210300	0.195807	
24.246752	0.095783		24.246752	0.070100		24.246752	0.195807	
24.283201	0.095850		24.283201	0.070000		24.283201	0.195804	
24.319651	0.095850		24.319651	0.070050		24.319651	0.195801	
24.356113	0.095850		24.356113	0.070050		24.356113	0.195804	
24.392551	0.095850		24.392551	0.070133		24.392551	0.195805	
24.429001	0.095800		24.429001	0.070067		24.429001	0.195808	
24.465450	0.095933		24.465450	0.070050		24.465450	0.195806	
24.501902	0.095800		24.501902	0.070033		24.501902	0.195799	
24.538349	0.095833		24.538349	0.070050		24.538349	0.195798	
24.574802	0.095833		24.574802	0.070100		24.574802	0.195799	
24.611250	0.095883		24.611250	0.070117		24.611250	0.195799	
24.647699	0.095850		24.647699	0.070050		24.647699	0.195799	
24.684145	0.095917		24.684145	0.070050		24.684145	0.195802	
24.720598	0.095867		24.720598	0.070067		24.720598	0.195814	
24.757050	0.095833		24.757050	0.070017		24.757050	0.195818	
24.793497	0.095883		24.793497	0.070050		24.793497	0.195814	
24.829945	0.095850		24.829945	0.070033		24.829945	0.195812	
24.866398	0.095833		24.866398	0.070033		24.866398	0.195811	
24.902847	0.095900		24.902847	0.070100		24.902847	0.195814	
24.939299	0.095883		24.939299	0.070000		24.939299	0.195809	
24.975748	0.095783		24.975748	0.070050		24.975748	0.195805	
25.012196	0.095817		25.012196	0.070033		25.012196	0.195802	
25.048645	0.095783		25.048645	0.070050		25.048645	0.195802	
25.085094	0.095767		25.085094	0.070050		25.085094	0.195800	
25.121544	0.095817		25.121544	0.070017		25.121544	0.195802	
25.157993	0.095800		25.157993	0.070033		25.157993	0.195803	
25.194445	0.095767		25.194445	0.070033		25.194445	0.195803	
25.230894	0.095900		25.230894	0.070050		25.230894	0.195802	
25.267382	0.095817		25.267382	0.070050		25.267382	0.195804	
25.304272	0.095850		25.304272	0.070067		25.304272	0.195805	
25.340765	0.095883		25.340765	0.070067		25.340765	0.195799	
25.377209	0.095817		25.377209	0.070050		25.377209	0.195797	
25.413664	0.095733		25.413664	0.070067		25.413664	0.195802	
25.450111	0.095833		25.450111	0.070017		25.450111	0.195804	
25.486563	0.095800		25.486563	0.069983		25.486563	0.195801	
25.523026	0.095850		25.523026	0.070017		25.523026	0.195801	
25.559460	0.095900		25.559460	0.070017		25.559460	0.195809	
25.595913	0.095817		25.595913	0.070033		25.595913	0.195813	
25.632362	0.095867		25.632362	0.070000		25.632362	0.195813	
25.668812	0.095833		25.668812	0.070000		25.668812	0.195814	
25.705261	0.095850		25.705261	0.070000		25.705261	0.195812	
25.741711	0.095833		25.741711	0.070017		25.741711	0.195812	
25.778160	0.095867		25.778160	0.070033		25.778160	0.195810	
25.814615	0.095750		25.814615	0.070050		25.814615	0.195808	
25.851061	0.095817		25.851061	0.070033		25.851061	0.195803	
25.887510	0.095783		25.887510	0.070000		25.887510	0.195801	
25.923958	0.095833		25.923958	0.070033		25.923958	0.195801	
25.960411	0.095850		25.960411	0.070000		25.960411	0.195801	
25.996861	0.095800		25.996861	0.070000		25.996861	0.195808	
26.033310	0.095817		26.033310	0.070033		26.033310	0.195811	
26.069759	0.095833		26.069759	0.070017		26.069759	0.195815	
26.106207	0.095850		26.106207	0.070033		26.106207	0.195814	
26.142660	0.095867		26.142660	0.070000		26.142660	0.195803	
26.179106	0.095800		26.179106	0.070000		26.179106	0.195799	
26.215559	0.095833		26.215559	0.070033		26.215559	0.195797	
26.252020	0.095900		26.252020	0.070050		26.252020	0.195797	
26.288460	0.095833		26.288460	0.070050		26.288460	0.195803	
26.324907	0.095817		26.324907	0.070033		26.324907	0.195806	
26.361357	0.095850		26.361357	0.070017		26.361357	0.195806	
26.397961	0.095850		26.397961	0.070000		26.397961	0.195802	
26.434517	0.095833		26.434517	0.070000		26.434517	0.195808	
26.470964	0.095833		26.470964	0.069983		26.470964	0.195808	
26.507416	0.095783		26.507416	0.070033		26.507416	0.195793	
26.543865	0.095817		26.543865	0.070017		26.543865	0.195793	
26.580315	0.095783		26.580315	0.070033		26.580315	0.195796	
26.616764	0.095817		26.616764	0.069983		26.616764	0.195813	
26.653214	0.095750		26.653214	0.070050		26.653214	0.195808	
26.689667	0.095750		26.689667	0.070000		26.689667	0.195805	
26.726110	0.095850		26.726110	0.070067		26.726110	0.195805	
26.762564	0.095850		26.762564	0.070017		26.762564	0.195802	
26.799038	0.095767		26.799038	0.069983		26.799038	0.195802	
26.835466	0.095833		26.835466	0.070017		26.835466	0.195810	
26.871912	0.095783		26.871912	0.070000		26.871912	0.195812	
26.908363	0.095767		26.908363	0.070017		26.908363	0.195804	
26.944813	0.095800		26.944813	0.070017		26.944813	0.195800	
26.981262	0.095800		26.981262	0.070033		26.981262	0.195797	
27.017712	0.095800		27.017712	0.070017		27.017712	0.195797	
27.054161	0.095800		27.054161	0.070050		27.054161	0.195799	
27.090612	0.095783		27.090612	0.070000		27.090612	0.195808	
27.127064	0.095900		27.127064	0.070033		27.127064	0.195812	
27.163513	0.095833		27.163513	0.070033		27.163513	0.195808	
27.199963	0.095850		27.199963	0.070033		27.199963	0.195806	
27.236410	0.095767		27.236410	0.070000		27.236410	0.195801	
27.272860	0.095767		27.272860	0.069967		27.272860	0.195804	
27.309313	0.095833		27.309313	0.070000		27.309313	0.195802	
27.345758	0.095750		27.345758	0.070017		27.345758	0.195800	
27.382210	0.095800		27.382210	0.070000		27.382210	0.195800	
27.418657	0.095850		27.418657	0.069983		27.418657	0.195803	
27.455111	0.095717		27.455111	0.070017		27.455111	0.195811	
27.491871	0.095800		27.491871	0.069983		27.491871	0.195808	
27.528790	0.095850		27.528790	0.070017		27.528790	0.195802	
27.565239	0.095833		27.565239	0.070033		27.565239	0.195803	
27.601688	0.095850		27.601688	0.070033		27.601688	0.195805	
27.638138	0.095817		27.638138	0.070017		27.638138	0.195804	
27.674591	0.095800		27.674591	0.070017		27.674591	0.195802	
27.711037	0.095800		27.711037	0.070050		27.711037	0.195805	
27.747488	0.095817		27.747488	0.070017		27.747488	0.195807	
27.783937	0.095767		27.783937	0.070000		27.783937	0.195807	
27.820387	0.095800		27.820387	0.070033		27.820387	0.195805	
27.856834	0.095833		27.856834	0.070000		27.856834	0.195807	
27.893288	0.095867		27.893288	0.070000		27.893288	0.195809	
27.929735	0.095817		27.929735	0.070000		27.929735	0.195812	
27.966187	0.095750		27.966187	0.070033		27.966187	0.195805	
28.002638	0.095850		28.002638	0.069983		28.002638	0.195802	
28.039085	0.095833		28.039085	0.070017		28.039085	0.195801	
28.075535	0.095883		28.075535	0.070000		28.075535	0.195808	
28.111982	0.095800		28.111982	0.069967		28.111982	0.195811	
28.148436	0.095767		28.148436	0.069967		28.148436	0.195806	
28.184883	0.095817		28.184883	0.069967		28.184883	0.195811	
28.221334	0.095733		28.221334	0.069900		28.221334	0.195815	
28.257784	0.095733		28.257784	0.069950		28.257784	0.195814	
28.294233	0.095750		28.294233	0.069967		28.294233	0.195810	
28.330685	0.095783		28.330685	0.069967		28.330685	0.195808	
28.367136	0.095800		28.367136	0.069933		28.367136	0.195807	
28.403585	0.095767		28.403585	0.069983		28.403585	0.195808	
28.440031	0.095750		28.440031	0.069933		28.440031	0.195806	
28.476484	0.095767		28.476484	0.069967		28.476484	0.195801	
28.512932	0.095800		28.512932	0.069983		28.512932	0.195790	
28.549383	0.095733		28.549383	0.069967		28.549383	0.195789	
28.585936	0.095783		28.585936	0.070000		28.585936	0.195791	
28.623060	0.095800		28.623060	0.069967		28.623060	0.195801	
28.659510	0.095850		28.659510	0.069983		28.659510	0.195809	
28.695961	0.095750		28.695961	0.069917		28.695961	0.195811	
28.732410	0.095767		28.732410	0.069967		28.732410	0.195812	
28.768875	0.095800		28.768875	0.069983		28.768875	0.195812	
28.805311	0.095817		28.805311	0.069983		28.805311	0.195809	
28.841761	0.095700		28.841761	0.069983		28.841761	0.195809	
28.878208	0.095833		28.878208	0.070000		28.878208	0.195811	
28.914661	0.095783		28.914661	0.069983		28.914661	0.195811	
28.951109	0.095833		28.951109	0.069967		28.951109	0.195810	
28.987562	0.095733		28.987562	0.070000		28.987562	0.195809	
29.024008	0.095717		29.024008	0.069983		29.024008	0.195814	
29.060472	0.095767		29.060472	0.070000		29.060472	0.195812	
29.096909	0.095750		29.096909	0.070017		29.096909	0.195802	
29.133358	0.095767		29.133358	0.069967		29.133358	0.195800	
29.169804	0.095817		29.169804	0.069967		29.169804	0.195800	
29.206257	0.095767		29.206257	0.069950		29.206257	0.195810	
29.242712	0.095700		29.242712	0.069933		29.242712	0.195815	
29.279158	0.095750		29.279158	0.069967		29.279158	0.195806	
29.315609	0.095750		29.315609	0.069950		29.315609	0.195800	
29.352057	0.095800		29.352057	0.069967		29.352057	0.195800	
29.388508	0.095783		29.388508	0.069950		29.388508	0.195808	
29.424953	0.095750		29.424953	0.069950		29.424953	0.195812	
29.461405	0.095733		29.461405	0.069933		29.461405	0.195815	
29.497852	0.095750		29.497852	0.069933		29.497852	0.195813	
29.534306	0.095750		29.534306	0.069983		29.534306	0.195811	
29.570753	0.095783		29.570753	0.069933		29.570753	0.195808	
29.607206	0.095817		29.607206	0.069983		29.607206	0.195805	
29.643667	0.095767		29.643667	0.070000		29.643667	0.195808	
29.680119	0.095783		29.680119	0.069950		29.680119	0.195802	
29.716761	0.095800		29.716761	0.069950		29.716761	0.195793	
29.753263	0.095783		29.753263	0.070000		29.753263	0.195788	
29.789711	0.095767		29.789711	0.069883		29.789711	0.195796	
29.826164	0.095833		29.826164	0.069983		29.826164	0.195800	
29.862623	0.095833		29.862623	0.070017		29.862623	0.195810	
29.899063	0.095783		29.899063	0.069983		29.899063	0.195813	
29.935513	0.095817		29.935513	0.069967		29.935513	0.195810	
29.971962	0.095767		29.971962	0.069950		29.971962	0.195807	
30.008413	0.095800		30.008413	0.069983		30.008413	0.195805	
30.044863	0.095767		30.044863	0.070000		30.044863	0.195804	
30.081324	0.095767		30.081324	0.070017		30.081324	0.195811	
30.117760	0.095767		30.117760	0.070000		30.117760	0.195814	
30.154213	0.095733		30.154213	0.070000		30.154213	0.195804	
30.190659	0.095700		30.190659	0.069983		30.190659	0.195800	
30.227110	0.095800		30.227110	0.069967		30.227110	0.195801	
30.263557	0.095817		30.263557	0.069967		30.263557	0.195809	
30.300009	0.095800		30.300009	0.069967		30.300009	0.195813	
30.336462	0.095833		30.336462	0.070000		30.336462	0.195817	
30.372908	0.095733		30.372908	0.070000		30.372908	0.195814	
30.409363	0.095783		30.409363	0.070000		30.409363	0.195809	
30.445808	0.095783		30.445808	0.069983		30.445808	0.195806	
30.482262	0.095750		30.482262	0.070017		30.482262	0.195806	
30.518705	0.095733		30.518705	0.070000		30.518705	0.195807	
30.555159	0.095750		30.555159	0.070000		30.555159	0.195810	
30.591608	0.095750		30.591608	0.069983		30.591608	0.195814	
30.628057	0.095783		30.628057	0.070000		30.628057	0.195817	
30.664511	0.095850		30.664511	0.069967		30.664511	0.195816	
30.700958	0.095750		30.700958	0.069983		30.700958	0.195816	
30.737406	0.095800		30.737406	0.070000		30.737406	0.195810	
30.773859	0.095833		30.773859	0.069983		30.773859	0.195806	
30.810631	0.095783		30.810631	0.070000		30.810631	0.195803	
30.847279	0.095800		30.847279	0.069983		30.847279	0.195811	
30.883726	0.095800		30.883726	0.069983		30.883726	0.195807	
30.920176	0.095783		30.920176	0.069967		30.920176	0.195803	
30.956625	0.095717		30.956625	0.069983		30.956625	0.195803	
30.993074	0.095817		30.993074	0.070033		30.993074	0.195804	
31.029526	0.095783		31.029526	0.069983		31.029526	0.195802	
31.065973	0.095833		31.065973	0.070000		31.065973	0.195808	
31.102427	0.095750		31.102427	0.069983		31.102427	0.195808	
31.138876	0.095733		31.138876	0.069983		31.138876	0.195808	
31.175327	0.095833		31.175327	0.070017		31.175327	0.195808	
31.211771	0.095750		31.211771	0.070017		31.211771	0.195807	
31.248224	0.095817		31.248224	0.070000		31.248224	0.195812	
31.284672	0.095850		31.284672	0.070000		31.284672	0.195819	
31.321123	0.095783		31.321123	0.069983		31.321123	0.195822	
31.357569	0.095833		31.357569	0.070000		31.357569	0.195814	
31.394022	0.095783		31.394022	0.069983		31.394022	0.195803	
31.430471	0.095833		31.430471	0.070017		31.430471	0.195803	
31.466921	0.095833		31.466921	0.070000		31.466921	0.195802	
31.503376	0.095783		31.503376	0.069983		31.503376	0.195806	
31.539822	0.095817		31.539822	0.070017		31.539822	0.195808	
31.576273	0.095850		31.576273	0.070000		31.576273	0.195810	
31.612720	0.095883		31.612720	0.070000		31.612720	0.195808	
31.649170	0.095833		31.649170	0.070017		31.649170	0.195806	
31.685619	0.095767		31.685619	0.070050		31.685619	0.195811	
31.722082	0.095900		31.722082	0.070000		31.722082	0.195816	
31.758520	0.095833		31.758520	0.069983		31.758520	0.195815	
31.794970	0.095817		31.794970	0.070017		31.794970	0.195811	
31.831419	0.095717		31.831419	0.070000		31.831419	0.195812	
31.867870	0.095750		31.867870	0.070000		31.867870	0.195815	
31.904657	0.095750		31.904657	0.069983		31.904657	0.195816	
31.941551	0.095800		31.941551	0.070033		31.941551	0.195811	
31.977997	0.095817		31.977997	0.069967		31.977997	0.195808	
32.014450	0.095800		32.014450	0.070017		32.014450	0.195809	
32.050900	0.095767		32.050900	0.070000		32.050900	0.195808	
32.087360	0.095783		32.087360	0.070033		32.087360	0.195811	
32.123798	0.095817		32.123798	0.069967		32.123798	0.195813	
32.160248	0.095800		32.160248	0.070000		32.160248	0.195811	
32.196709	0.095783		32.196709	0.070000		32.196709	0.195820	
32.233147	0.095783		32.233147	0.069983		32.233147	0.195819	
32.269596	0.095867		32.269596	0.070000		32.269596	0.195811	
32.306049	0.095750		32.306049	0.070000		32.306049	0.195802	
32.342510	0.095733		32.342510	0.070050		32.342510	0.195798	
32.378944	0.095767		32.378944	0.069983		32.378944	0.195795	
32.415398	0.095833		32.415398	0.070017		32.415398	0.195804	
32.451843	0.095867		32.451843	0.069983		32.451843	0.195807	
32.488297	0.095767		32.488297	0.070000		32.488297	0.195803	
32.524742	0.095900		32.524742	0.070000		32.524742	0.195801	
32.561192	0.095750		32.561192	0.070033		32.561192	0.195802	
32.597645	0.095783		32.597645	0.070033		32.597645	0.195804	
32.634094	0.095817		32.634094	0.070000		32.634094	0.195803	
32.670540	0.095800		32.670540	0.069983		32.670540	0.195803	
32.706993	0.095767		32.706993	0.070000		32.706993	0.195799	
32.743446	0.095817		32.743446	0.070000		32.743446	0.195801	
32.779892	0.095733		32.779892	0.070017		32.779892	0.195802	
32.816345	0.095800		32.816345	0.070000		32.816345	0.195805	
32.852791	0.095883		32.852791	0.070000		32.852791	0.195804	
32.889244	0.095733		32.889244	0.070000		32.889244	0.195806	
32.925705	0.095783		32.925705	0.070017		32.925705	0.195803	
32.962143	0.095800		32.962143	0.070000		32.962143	0.195801	
32.998718	0.095817		32.998718	0.070050		32.998718	0.195804	
33.035561	0.095883		33.035561	0.069967		33.035561	0.195799	
33.072014	0.095800		33.072014	0.070000		33.072014	0.195801	
33.108463	0.095750		33.108463	0.069983		33.108463	0.195808	
33.144913	0.095717		33.144913	0.070000		33.144913	0.195810	
33.181362	0.095817		33.181362	0.070000		33.181362	0.195809	
33.217812	0.095700		33.217812	0.070000		33.217812	0.195812	
33.254261	0.095767		33.254261	0.070000		33.254261	0.195814	
33.290718	0.095783		33.290718	0.069967		33.290718	0.195810	
33.327160	0.095800		33.327160	0.069983		33.327160	0.195802	
33.363609	0.095800		33.363609	0.070017		33.363609	0.195802	
33.400063	0.095800		33.400063	0.070017		33.400063	0.195806	
33.436508	0.095783		33.436508	0.070033		33.436508	0.195810	
33.472961	0.095733		33.472961	0.070033		33.472961	0.195807	
33.509411	0.095800		33.509411	0.069983		33.509411	0.195809	
33.545856	0.095767		33.545856	0.070017		33.545856	0.195811	
33.582306	0.095800		33.582306	0.070000		33.582306	0.195805	
33.618759	0.095783		33.618759	0.069983		33.618759	0.195802	
33.655205	0.095750		33.655205	0.070000		33.655205	0.195804	
33.691658	0.095867		33.691658	0.069983		33.691658	0.195814	
33.728107	0.095767		33.728107	0.069983		33.728107	0.195810	
33.764553	0.095733		33.764553	0.069983		33.764553	0.195810	
33.801006	0.095833		33.801006	0.070033		33.801006	0.195813	
33.837452	0.095700		33.837452	0.069983		33.837452	0.195802	
33.873905	0.095700		33.873905	0.070050		33.873905	0.195799	
33.910355	0.095750		33.910355	0.070000		33.910355	0.195799	
33.946804	0.095717		33.946804	0.069983		33.946804	0.195806	
33.983253	0.095733		33.983253	0.070000		33.983253	0.195811	
34.019707	0.095750		34.019707	0.070000		34.019707	0.195809	
34.056156	0.095767		34.056156	0.069983		34.056156	0.195810	
34.092670	0.095783		34.092670	0.069983		34.092670	0.195809	
34.129574	0.095767		34.129574	0.070033		34.129574	0.195804	
34.166023	0.095767		34.166023	0.070000		34.166023	0.195806	
34.202477	0.095833		34.202477	0.069983		34.202477	0.195807	
34.238922	0.095717		34.238922	0.070017		34.238922	0.195804	
34.275372	0.095783		34.275372	0.070033		34.275372	0.195804	
34.311825	0.095850		34.311825	0.070017		34.311825	0.195814	
34.348274	0.095717		34.348274	0.069983		34.348274	0.195815	
34.384720	0.095700		34.384720	0.070033		34.384720	0.195809	
34.421169	0.095750		34.421169	0.069983		34.421169	0.195810	
34.457638	0.095817		34.457638	0.070000		34.457638	0.195815	
34.494076	0.095750		34.494076	0.070033		34.494076	0.195810	
34.530521	0.095750		34.530521	0.070017		34.530521	0.195807	
34.566971	0.095750		34.566971	0.069950		34.566971	0.195808	
34.603424	0.095750		34.603424	0.070033		34.603424	0.195815	
34.639885	0.095733		34.639885	0.070000		34.639885	0.195817	
34.676315	0.095783		34.676315	0.070033		34.676315	0.195816	
34.712795	0.095717		34.712795	0.069983		34.712795	0.195815	
34.749218	0.095800		34.749218	0.070000		34.749218	0.195810	
34.785667	0.095883		34.785667	0.070000		34.785667	0.195814	
34.822140	0.095733		34.822140	0.070000		34.822140	0.195814	
34.858566	0.095767		34.858566	0.070033		34.858566	0.195814	
34.895020	0.095817		34.895020	0.069983		34.895020	0.195809	
34.931499	0.095750		34.931499	0.070017		34.931499	0.195808	
34.967918	0.095817		34.967918	0.069950		34.967918	0.195811	
35.004364	0.095783		35.004364	0.069983		35.004364	0.195808	
35.040859	0.095817		35.040859	0.070000		35.040859	0.195802	
35.077271	0.095767		35.077271	0.070000		35.077271	0.195800	
35.113716	0.095800		35.113716	0.069983		35.113716	0.195802	
35.150166	0.095783		35.150166	0.070000		35.150166	0.195803	
35.186619	0.095750		35.186619	0.069983		35.186619	0.195807	
35.223915	0.095817		35.223915	0.070000		35.223915	0.195810	
35.260559	0.095833		35.260559	0.069950		35.260559	0.195802	
35.297005	0.095783		35.297005	0.070000		35.297005	0.195797	
35.333458	0.095750		35.333458	0.070000		35.333458	0.195794	
35.369904	0.095800		35.369904	0.070000		35.369904	0.195801	
35.406353	0.095800		35.406353	0.069983		35.406353	0.195807	
35.442806	0.095717		35.442806	0.069967		35.442806	0.195807	
35.479256	0.095800		35.479256	0.069967		35.479256	0.195811	
35.515705	0.095767		35.515705	0.069917		35.515705	0.195811	
35.552155	0.095667		35.552155	0.070033		35.552155	0.195811	
35.588608	0.095750		35.588608	0.070000		35.588608	0.195812	
35.625057	0.095733		35.625057	0.070000		35.625057	0.195813	
35.661507	0.095800		35.661507	0.069983		35.661507	0.195815	
35.697952	0.095767		35.697952	0.070000		35.697952	0.195816	
35.734402	0.095750		35.734402	0.069983		35.734402	0.195819	
35.770855	0.095733		35.770855	0.070017		35.770855	0.195814	
35.807304	0.095783		35.807304	0.069967		35.807304	0.195813	
35.843750	0.095783		35.843750	0.070000		35.843750	0.195811	
35.880207	0.095750		35.880207	0.069983		35.880207	0.195805	
35.916649	0.095817		35.916649	0.070000		35.916649	0.195806	
35.953102	0.095850		35.953102	0.070017		35.953102	0.195808	
35.989548	0.095717		35.989548	0.069983		35.989548	0.195809	
36.026001	0.095750		36.026001	0.070033		36.026001	0.195805	
36.062454	0.095767		36.062454	0.070000		36.062454	0.195805	
36.098900	0.095700		36.098900	0.070017		36.098900	0.195805	
36.135345	0.095750		36.135345	0.069967		36.135345	0.195810	
36.171803	0.095750		36.171803	0.069967		36.171803	0.195807	
36.208252	0.095767		36.208252	0.069967		36.208252	0.195804	
36.244698	0.095783		36.244698	0.069950		36.244698	0.195804	
36.281143	0.095700		36.281143	0.069983		36.281143	0.195801	
36.317719	0.095733		36.317719	0.069983		36.317719	0.195802	
36.354305	0.095750		36.354305	0.069983		36.354305	0.195806	
36.390762	0.095767		36.390762	0.070000		36.390762	0.195808	
36.427212	0.095717		36.427212	0.070000		36.427212	0.195813	
36.463669	0.095767		36.463669	0.070033		36.463669	0.195814	
36.500111	0.095783		36.500111	0.070000		36.500111	0.195807	
36.536560	0.095833		36.536560	0.069983		36.536560	0.195805	
36.573013	0.095700		36.573013	0.069967		36.573013	0.195804	
36.609455	0.095783		36.609455	0.070000		36.609455	0.195808	
36.645905	0.095733		36.645905	0.070000		36.645905	0.195812	
36.682358	0.095833		36.682358	0.070000		36.682358	0.195816	
36.718811	0.095700		36.718811	0.070017		36.718811	0.195815	
36.755257	0.095767		36.755257	0.070033		36.755257	0.195813	
36.791702	0.095733		36.791702	0.070000		36.791702	0.195814	
36.828171	0.095833		36.828171	0.070000		36.828171	0.195810	
36.864609	0.095767		36.864609	0.070000		36.864609	0.195803	
36.901058	0.095767		36.901058	0.070050		36.901058	0.195804	
36.937500	0.095783		36.937500	0.070050		36.937500	0.195807	
36.973957	0.095733		36.973957	0.070000		36.973957	0.195805	
37.010403	0.095800		37.010403	0.069983		37.010403	0.195804	
37.046856	0.095800		37.046856	0.070000		37.046856	0.195808	
37.083298	0.095783		37.083298	0.070017		37.083298	0.195808	
37.119755	0.095733		37.119755	0.070017		37.119755	0.195809	
37.156200	0.095767		37.156200	0.069983		37.156200	0.195818	
37.192657	0.095750		37.192657	0.070000		37.192657	0.195819	
37.229099	0.095783		37.229099	0.069983		37.229099	0.195819	
37.265553	0.095783		37.265553	0.070000		37.265553	0.195819	
37.302006	0.095783		37.302006	0.070000		37.302006	0.195817	
37.338455	0.095750		37.338455	0.069950		37.338455	0.195813	
37.374897	0.095817		37.374897	0.070000		37.374897	0.195811	
37.411507	0.095800		37.411507	0.070033		37.411507	0.195813	
37.448326	0.095783		37.448326	0.069983		37.448326	0.195808	
37.484768	0.095800		37.484768	0.070000		37.484768	0.195798	
37.521221	0.095767		37.521221	0.069983		37.521221	0.195798	
37.557671	0.095733		37.557671	0.070000		37.557671	0.195799	
37.594128	0.095767		37.594128	0.070017		37.594128	0.195809	
37.630569	0.095833		37.630569	0.069950		37.630569	0.195810	
37.667030	0.095717		37.667030	0.069983		37.667030	0.195812	
37.703484	0.095783		37.703484	0.070000		37.703484	0.195814	
37.739922	0.095817		37.739922	0.069983		37.739922	0.195811	
37.776371	0.095867		37.776371	0.069983		37.776371	0.195802	
37.812817	0.095767		37.812817	0.070000		37.812817	0.195797	
37.849274	0.095867		37.849274	0.070050		37.849274	0.195797	
37.885719	0.095767		37.885719	0.069983		37.885719	0.195808	
37.922169	0.095817		37.922169	0.070000		37.922169	0.195809	
37.958611	0.095767		37.958611	0.069950		37.958611	0.195815	
