0.018881	0.095933		0.018881	0.070583		0.018881	0.195810	
0.055330	0.095983		0.055330	0.070600		0.055330	0.195808	
0.091780	0.096000		0.091780	0.070650		0.091780	0.195814	
0.128232	0.095983		0.128232	0.070617		0.128232	0.195817	
0.164681	0.096033		0.164681	0.070633		0.164681	0.195815	
0.201131	0.096017		0.201131	0.070667		0.201131	0.195810	
0.237579	0.096000		0.237579	0.070667		0.237579	0.195805	
0.274029	0.096033		0.274029	0.070567		0.274029	0.195805	
0.310531	0.095933		0.310531	0.070550		0.310531	0.195808	
0.348607	0.096000		0.348607	0.070583		0.348607	0.195812	
0.387023	0.095967		0.387023	0.070617		0.387023	0.195801	
0.427157	0.096067		0.427157	0.070433		0.427157	0.195803	
0.467367	0.095967		0.467367	0.070367		0.467367	0.195809	
0.503662	0.095967		0.503662	0.070317		0.503662	0.195818	
0.540112	0.095933		0.540112	0.070367		0.540112	0.195812	
0.578372	0.096017		0.578372	0.070300		0.578372	0.195812	
0.614835	0.095950		0.614835	0.070367		0.614835	0.195809	
0.653133	0.095967		0.653133	0.070333		0.653133	0.195806	
0.689557	0.095983		0.689557	0.070367		0.689557	0.195805	
0.727763	0.095950		0.727763	0.070350		0.727763	0.195807	
0.764421	0.095950		0.764421	0.070333		0.764421	0.195811	
0.804618	0.095983		0.804618	0.070350		0.804618	0.195813	
0.842644	0.096067		0.842644	0.070517		0.842644	0.195805	
0.881243	0.096017		0.881243	0.070500		0.881243	0.195801	
0.919203	0.095983		0.919203	0.070600		0.919203	0.195795	
0.956122	0.095967		0.956122	0.070667		0.956122	0.195796	
0.992612	0.095983		0.992612	0.070783		0.992612	0.195799	
1.029059	0.096083		1.029059	0.070933		1.029059	0.195810	
1.065588	0.096050		1.065588	0.071017		1.065588	0.195805	
1.103091	0.096083		1.103091	0.071033		1.103091	0.195802	
1.141897	0.096100		1.141897	0.071233		1.141897	0.195801	
1.178503	0.096100		1.178503	0.071467		1.178503	0.195808	
1.214952	0.096167		1.214952	0.071633		1.214952	0.195811	
1.251403	0.096250		1.251403	0.071833		1.251403	0.195814	
1.287854	0.096133		1.287854	0.071883		1.287854	0.195812	
1.324303	0.096233		1.324303	0.071950		1.324303	0.195804	
1.360752	0.096183		1.360752	0.072033		1.360752	0.195798	
1.397202	0.096317		1.397202	0.072067		1.397202	0.195797	
1.433653	0.096333		1.433653	0.072217		1.433653	0.195795	
1.470102	0.096267		1.470102	0.072317		1.470102	0.195799	
1.506550	0.096317		1.506550	0.072333		1.506550	0.195802	
1.543000	0.096283		1.543000	0.072367		1.543000	0.195810	
1.579451	0.096350		1.579451	0.072400		1.579451	0.195805	
1.615902	0.096350		1.615902	0.072383		1.615902	0.195805	
1.652350	0.096383		1.652350	0.072483		1.652350	0.195810	
1.688800	0.096367		1.688800	0.072567		1.688800	0.195807	
1.725263	0.096367		1.725263	0.072600		1.725263	0.195804	
1.761698	0.096283		1.761698	0.072633		1.761698	0.195805	
1.798150	0.096367		1.798150	0.072667		1.798150	0.195812	
1.834598	0.096317		1.834598	0.072667		1.834598	0.195809	
1.871048	0.096317		1.871048	0.072683		1.871048	0.195809	
1.907498	0.096367		1.907498	0.072683		1.907498	0.195812	
1.943948	0.096300		1.943948	0.072717		1.943948	0.195802	
1.980396	0.096333		1.980396	0.072767		1.980396	0.195801	
2.016849	0.096350		2.016849	0.072767		2.016849	0.195805	
2.053674	0.096350		2.053674	0.072800		2.053674	0.195811	
2.090267	0.096383		2.090267	0.072850		2.090267	0.195808	
2.126717	0.096350		2.126717	0.072800		2.126717	0.195810	
2.163167	0.096367		2.163167	0.072883		2.163167	0.195813	
2.199616	0.096350		2.199616	0.072900		2.199616	0.195814	
2.236067	0.096417		2.236067	0.072917		2.236067	0.195806	
2.272516	0.096300		2.272516	0.073000		2.272516	0.195805	
2.308966	0.096417		2.308966	0.073000		2.308966	0.195799	
2.345416	0.096383		2.345416	0.072917		2.345416	0.195800	
2.381865	0.096350		2.381865	0.072917		2.381865	0.195800	
2.418315	0.096383		2.418315	0.072983		2.418315	0.195807	
2.454762	0.096383		2.454762	0.072967		2.454762	0.195814	
2.491214	0.096433		2.491214	0.073017		2.491214	0.195814	
2.527664	0.096350		2.527664	0.073000		2.527664	0.195814	
2.564113	0.096400		2.564113	0.072967		2.564113	0.195821	
2.600563	0.096400		2.600563	0.072917		2.600563	0.195822	
2.637013	0.096433		2.637013	0.072967		2.637013	0.195821	
2.673465	0.096417		2.673465	0.072950		2.673465	0.195820	
2.709913	0.096433		2.709913	0.072967		2.709913	0.195818	
2.746362	0.096367		2.746362	0.072950		2.746362	0.195819	
2.782813	0.096400		2.782813	0.072950		2.782813	0.195810	
2.819262	0.096433		2.819262	0.072917		2.819262	0.195806	
2.855712	0.096450		2.855712	0.072950		2.855712	0.195807	
2.892160	0.096433		2.892160	0.072983		2.892160	0.195814	
2.928611	0.096333		2.928611	0.073000		2.928611	0.195813	
2.965060	0.096333		2.965060	0.072967		2.965060	0.195814	
3.001508	0.096383		3.001508	0.072983		3.001508	0.195816	
3.037959	0.096383		3.037959	0.072917		3.037959	0.195818	
3.074409	0.096350		3.074409	0.072967		3.074409	0.195818	
3.110859	0.096433		3.110859	0.072983		3.110859	0.195815	
3.147571	0.096400		3.147571	0.072883		3.147571	0.195814	
3.184280	0.096350		3.184280	0.072933		3.184280	0.195811	
3.220728	0.096350		3.220728	0.072883		3.220728	0.195809	
3.257179	0.096417		3.257179	0.072800		3.257179	0.195803	
3.293629	0.096350		3.293629	0.072917		3.293629	0.195805	
3.330080	0.096367		3.330080	0.072817		3.330080	0.195806	
3.366529	0.096367		3.366529	0.072833		3.366529	0.195802	
3.402978	0.096350		3.402978	0.072800		3.402978	0.195805	
3.439427	0.096450		3.439427	0.072733		3.439427	0.195812	
3.475878	0.096333		3.475878	0.072700		3.475878	0.195823	
3.512326	0.096350		3.512326	0.072717		3.512326	0.195821	
3.548789	0.096350		3.548789	0.072733		3.548789	0.195819	
3.585227	0.096333		3.585227	0.072767		3.585227	0.195815	
3.621676	0.096400		3.621676	0.072717		3.621676	0.195812	
3.658125	0.096317		3.658125	0.072683		3.658125	0.195809	
3.694575	0.096350		3.694575	0.072700		3.694575	0.195814	
3.731026	0.096300		3.731026	0.072667		3.731026	0.195816	
3.767476	0.096367		3.767476	0.072633		3.767476	0.195814	
3.803925	0.096333		3.803925	0.072567		3.803925	0.195813	
3.840376	0.096367		3.840376	0.072617		3.840376	0.195813	
3.876824	0.096333		3.876824	0.072600		3.876824	0.195810	
3.913275	0.096333		3.913275	0.072617		3.913275	0.195807	
3.949723	0.096317		3.949723	0.072550		3.949723	0.195808	
3.986173	0.096333		3.986173	0.072567		3.986173	0.195813	
4.022623	0.096283		4.022623	0.072500		4.022623	0.195813	
4.059074	0.096317		4.059074	0.072433		4.059074	0.195806	
4.095524	0.096267		4.095524	0.072433		4.095524	0.195803	
4.131972	0.096350		4.131972	0.072383		4.131972	0.195804	
4.168422	0.096317		4.168422	0.072333		4.168422	0.195812	
4.204873	0.096267		4.204873	0.072383		4.204873	0.195819	
4.241582	0.096333		4.241582	0.072350		4.241582	0.195816	
4.278811	0.096250		4.278811	0.072317		4.278811	0.195814	
4.315262	0.096250		4.315262	0.072300		4.315262	0.195812	
4.351712	0.096233		4.351712	0.072283		4.351712	0.195813	
4.388162	0.096317		4.388162	0.072183		4.388162	0.195816	
4.424610	0.096267		4.424610	0.072167		4.424610	0.195809	
4.461061	0.096300		4.461061	0.072150		4.461061	0.195809	
4.497511	0.096250		4.497511	0.072133		4.497511	0.195805	
4.533960	0.096233		4.533960	0.072117		4.533960	0.195805	
4.570411	0.096267		4.570411	0.072167		4.570411	0.195801	
4.606861	0.096317		4.606861	0.072117		4.606861	0.195801	
4.643311	0.096283		4.643311	0.072117		4.643311	0.195798	
4.679760	0.096233		4.679760	0.072000		4.679760	0.195801	
4.716236	0.096233		4.716236	0.071983		4.716236	0.195807	
4.752660	0.096233		4.752660	0.071983		4.752660	0.195807	
4.789110	0.096200		4.789110	0.071967		4.789110	0.195805	
4.825558	0.096200		4.825558	0.071983		4.825558	0.195805	
4.862009	0.096167		4.862009	0.071967		4.862009	0.195811	
4.898458	0.096150		4.898458	0.071917		4.898458	0.195806	
4.934911	0.096167		4.934911	0.071867		4.934911	0.195810	
4.971358	0.096217		4.971358	0.071817		4.971358	0.195813	
5.007807	0.096133		5.007807	0.071867		5.007807	0.195821	
5.044257	0.096200		5.044257	0.071833		5.044257	0.195819	
5.080709	0.096217		5.080709	0.071833		5.080709	0.195817	
5.117156	0.096167		5.117156	0.071767		5.117156	0.195812	
5.153605	0.096167		5.153605	0.071700		5.153605	0.195810	
5.190057	0.096150		5.190057	0.071700		5.190057	0.195811	
5.226504	0.096117		5.226504	0.071700		5.226504	0.195811	
5.262957	0.096133		5.262957	0.071667		5.262957	0.195808	
5.299404	0.096117		5.299404	0.071650		5.299404	0.195808	
5.335906	0.096167		5.335906	0.071683		5.335906	0.195806	
5.373074	0.096233		5.373074	0.071583		5.373074	0.195806	
5.409537	0.096133		5.409537	0.071667		5.409537	0.195808	
5.445985	0.096217		5.445985	0.071567		5.445985	0.195814	
5.482435	0.096150		5.482435	0.071600		5.482435	0.195804	
5.518884	0.096167		5.518884	0.071533		5.518884	0.195802	
5.555336	0.096167		5.555336	0.071467		5.555336	0.195801	
5.591786	0.096083		5.591786	0.071400		5.591786	0.195806	
5.628234	0.096100		5.628234	0.071267		5.628234	0.195808	
5.664684	0.096050		5.664684	0.071400		5.664684	0.195807	
5.701134	0.096050		5.701134	0.071000		5.701134	0.195802	
5.737584	0.096117		5.737584	0.071367		5.737584	0.195802	
5.774034	0.096133		5.774034	0.071233		5.774034	0.195806	
5.810483	0.096083		5.810483	0.071167		5.810483	0.195805	
5.846932	0.096117		5.846932	0.071233		5.846932	0.195805	
5.883381	0.096100		5.883381	0.071033		5.883381	0.195804	
5.919830	0.096067		5.919830	0.071050		5.919830	0.195809	
5.956280	0.096117		5.956280	0.071100		5.956280	0.195809	
5.992730	0.096083		5.992730	0.071033		5.992730	0.195818	
6.029181	0.096000		6.029181	0.071000		6.029181	0.195813	
6.065629	0.096033		6.065629	0.071000		6.065629	0.195812	
6.102079	0.096067		6.102079	0.071000		6.102079	0.195810	
6.138530	0.096067		6.138530	0.070983		6.138530	0.195811	
6.174979	0.096133		6.174979	0.070983		6.174979	0.195809	
6.211431	0.096050		6.211431	0.070917		6.211431	0.195814	
6.247880	0.096083		6.247880	0.070967		6.247880	0.195818	
6.284328	0.095983		6.284328	0.071000		6.284328	0.195807	
6.320780	0.096017		6.320780	0.070933		6.320780	0.195805	
6.357229	0.096050		6.357229	0.070967		6.357229	0.195804	
6.393678	0.096067		6.393678	0.070767		6.393678	0.195807	
6.430140	0.096000		6.430140	0.070833		6.430140	0.195810	
6.467216	0.096050		6.467216	0.070817		6.467216	0.195811	
6.503809	0.096017		6.503809	0.070783		6.503809	0.195811	
6.540257	0.096100		6.540257	0.070717		6.540257	0.195802	
6.576708	0.096000		6.576708	0.070750		6.576708	0.195801	
6.613157	0.096033		6.613157	0.070733		6.613157	0.195802	
6.649608	0.096033		6.649608	0.070717		6.649608	0.195811	
6.686057	0.096033		6.686057	0.070700		6.686057	0.195814	
6.722507	0.096033		6.722507	0.070667		6.722507	0.195813	
6.758955	0.096033		6.758955	0.070700		6.758955	0.195813	
6.795407	0.096050		6.795407	0.070750		6.795407	0.195812	
6.831855	0.096050		6.831855	0.070683		6.831855	0.195806	
6.868307	0.096000		6.868307	0.070700		6.868307	0.195794	
6.904757	0.096017		6.904757	0.070700		6.904757	0.195794	
6.941206	0.096067		6.941206	0.070650		6.941206	0.195798	
6.977655	0.096000		6.977655	0.070683		6.977655	0.195813	
7.014105	0.096033		7.014105	0.070650		7.014105	0.195807	
7.050554	0.096000		7.050554	0.070667		7.050554	0.195797	
7.087004	0.095983		7.087004	0.070633		7.087004	0.195798	
7.123454	0.095950		7.123454	0.070633		7.123454	0.195801	
7.159904	0.095967		7.159904	0.070633		7.159904	0.195810	
7.196353	0.096000		7.196353	0.070633		7.196353	0.195809	
7.232804	0.096033		7.232804	0.070600		7.232804	0.195808	
7.269253	0.095983		7.269253	0.070600		7.269253	0.195805	
7.305700	0.095967		7.305700	0.070583		7.305700	0.195803	
7.342154	0.096033		7.342154	0.070567		7.342154	0.195804	
7.378602	0.096000		7.378602	0.070633		7.378602	0.195806	
7.415051	0.096000		7.415051	0.070567		7.415051	0.195813	
7.451500	0.096000		7.451500	0.070567		7.451500	0.195818	
7.487949	0.095983		7.487949	0.070583		7.487949	0.195814	
7.524414	0.096033		7.524414	0.070583		7.524414	0.195813	
7.561306	0.095983		7.561306	0.070500		7.561306	0.195813	
7.598081	0.096000		7.598081	0.070533		7.598081	0.195805	
7.634531	0.095917		7.634531	0.070483		7.634531	0.195801	
7.670981	0.095967		7.670981	0.070533		7.670981	0.195801	
7.707431	0.095983		7.707431	0.070483		7.707431	0.195807	
7.743881	0.095950		7.743881	0.070483		7.743881	0.195811	
7.780330	0.095967		7.780330	0.070433		7.780330	0.195807	
7.816780	0.095967		7.816780	0.070533		7.816780	0.195813	
7.853242	0.095983		7.853242	0.070433		7.853242	0.195820	
7.889678	0.095967		7.889678	0.070417		7.889678	0.195817	
7.926128	0.095900		7.926128	0.070400		7.926128	0.195813	
7.962578	0.095983		7.962578	0.070383		7.962578	0.195811	
7.999029	0.095950		7.999029	0.070417		7.999029	0.195818	
8.035480	0.095967		8.035480	0.070350		8.035480	0.195822	
8.071926	0.095950		8.071926	0.070367		8.071926	0.195817	
8.108377	0.095900		8.108377	0.070350		8.108377	0.195810	
8.144827	0.095933		8.144827	0.070350		8.144827	0.195806	
8.181277	0.095967		8.181277	0.070317		8.181277	0.195808	
8.217739	0.095867		8.217739	0.070383		8.217739	0.195812	
8.254175	0.095983		8.254175	0.070367		8.254175	0.195812	
8.290626	0.095933		8.290626	0.070333		8.290626	0.195812	
8.327087	0.095917		8.327087	0.070333		8.327087	0.195810	
8.363525	0.095950		8.363525	0.070367		8.363525	0.195804	
8.399977	0.095967		8.399977	0.070367		8.399977	0.195804	
8.436425	0.095967		8.436425	0.070350		8.436425	0.195803	
8.472876	0.095967		8.472876	0.070350		8.472876	0.195804	
8.509324	0.095983		8.509324	0.070300		8.509324	0.195808	
8.545774	0.095933		8.545774	0.070333		8.545774	0.195814	
8.582236	0.095967		8.582236	0.070317		8.582236	0.195808	
8.618672	0.095967		8.618672	0.070333		8.618672	0.195804	
8.655189	0.095950		8.655189	0.070333		8.655189	0.195808	
8.691833	0.095950		8.691833	0.070267		8.691833	0.195812	
8.728282	0.095933		8.728282	0.070317		8.728282	0.195815	
8.764730	0.095950		8.764730	0.070283		8.764730	0.195811	
8.801181	0.095950		8.801181	0.070283		8.801181	0.195811	
8.837633	0.095950		8.837633	0.070300		8.837633	0.195812	
8.874081	0.095950		8.874081	0.070317		8.874081	0.195816	
8.910530	0.095933		8.910530	0.070283		8.910530	0.195814	
8.946980	0.095917		8.946980	0.070283		8.946980	0.195810	
8.983431	0.095850		8.983431	0.070317		8.983431	0.195810	
9.019880	0.095933		9.019880	0.070283		9.019880	0.195811	
9.056331	0.095917		9.056331	0.070233		9.056331	0.195804	
9.092778	0.095933		9.092778	0.070250		9.092778	0.195795	
9.129230	0.095867		9.129230	0.070267		9.129230	0.195797	
9.165680	0.095950		9.165680	0.070200		9.165680	0.195804	
9.202128	0.095933		9.202128	0.070217		9.202128	0.195818	
9.238581	0.095883		9.238581	0.070200		9.238581	0.195815	
9.275030	0.095917		9.275030	0.070200		9.275030	0.195815	
9.311480	0.095783		9.311480	0.070267		9.311480	0.195816	
9.347929	0.095950		9.347929	0.070183		9.347929	0.195812	
9.384378	0.095883		9.384378	0.070250		9.384378	0.195815	
9.420828	0.095917		9.420828	0.070183		9.420828	0.195820	
9.457278	0.095917		9.457278	0.070267		9.457278	0.195820	
9.493728	0.095867		9.493728	0.070183		9.493728	0.195824	
9.530176	0.095933		9.530176	0.070183		9.530176	0.195809	
9.566627	0.095933		9.566627	0.070200		9.566627	0.195805	
9.603079	0.095933		9.603079	0.070133		9.603079	0.195810	
9.639526	0.095933		9.639526	0.070133		9.639526	0.195815	
9.675977	0.095967		9.675977	0.070150		9.675977	0.195814	
9.712426	0.095950		9.712426	0.070150		9.712426	0.195815	
9.749138	0.095917		9.749138	0.070133		9.749138	0.195818	
9.786353	0.095883		9.786353	0.070217		9.786353	0.195817	
9.822814	0.096000		9.822814	0.070100		9.822814	0.195813	
9.859264	0.095800		9.859264	0.070150		9.859264	0.195807	
9.895714	0.095950		9.895714	0.070100		9.895714	0.195805	
9.932164	0.095917		9.932164	0.070183		9.932164	0.195804	
9.968616	0.095883		9.968616	0.070067		9.968616	0.195808	
10.005066	0.095883		10.005066	0.070200		10.005066	0.195811	
10.041515	0.095867		10.041515	0.070067		10.041515	0.195817	
10.077965	0.095967		10.077965	0.070117		10.077965	0.195805	
10.114413	0.095850		10.114413	0.070050		10.114413	0.195803	
10.150863	0.095867		10.150863	0.070117		10.150863	0.195804	
10.187312	0.095933		10.187312	0.070133		10.187312	0.195809	
10.223763	0.095933		10.223763	0.070117		10.223763	0.195814	
10.260215	0.095917		10.260215	0.070150		10.260215	0.195816	
10.296664	0.095917		10.296664	0.070100		10.296664	0.195815	
10.333112	0.095883		10.333112	0.070083		10.333112	0.195817	
10.369561	0.095950		10.369561	0.070133		10.369561	0.195813	
10.406012	0.095883		10.406012	0.070083		10.406012	0.195808	
10.442463	0.095883		10.442463	0.070067		10.442463	0.195809	
10.478911	0.095833		10.478911	0.070100		10.478911	0.195816	
10.515362	0.095917		10.515362	0.070083		10.515362	0.195820	
10.551810	0.095933		10.551810	0.070033		10.551810	0.195812	
10.588261	0.095933		10.588261	0.070033		10.588261	0.195807	
10.624709	0.095883		10.624709	0.070083		10.624709	0.195815	
10.661161	0.095850		10.661161	0.070050		10.661161	0.195821	
10.697610	0.095800		10.697610	0.070100		10.697610	0.195812	
10.734059	0.095900		10.734059	0.070033		10.734059	0.195809	
10.770510	0.095917		10.770510	0.070083		10.770510	0.195812	
10.806970	0.095900		10.806970	0.070067		10.806970	0.195821	
10.843447	0.095933		10.843447	0.070033		10.843447	0.195811	
10.880795	0.095850		10.880795	0.070017		10.880795	0.195807	
10.917347	0.095833		10.917347	0.070067		10.917347	0.195802	
10.953800	0.095917		10.953800	0.070067		10.953800	0.195807	
10.990250	0.095900		10.990250	0.070083		10.990250	0.195817	
11.026699	0.095883		11.026699	0.070067		11.026699	0.195822	
11.063149	0.095800		11.063149	0.070050		11.063149	0.195819	
11.099599	0.095917		11.099599	0.070167		11.099599	0.195819	
11.136047	0.096000		11.136047	0.070367		11.136047	0.195812	
11.172498	0.095950		11.172498	0.070750		11.172498	0.195812	
11.208947	0.096067		11.208947	0.071150		11.208947	0.195811	
11.245398	0.096150		11.245398	0.071800		11.245398	0.195820	
11.281847	0.096233		11.281847	0.072217		11.281847	0.195818	
11.318295	0.096367		11.318295	0.072600		11.318295	0.195820	
11.354746	0.096400		11.354746	0.073050		11.354746	0.195826	
11.391194	0.096483		11.391194	0.073433		11.391194	0.195822	
11.427647	0.096517		11.427647	0.073733		11.427647	0.195801	
11.464097	0.096617		11.464097	0.074333		11.464097	0.195796	
11.500545	0.096717		11.500545	0.074617		11.500545	0.195799	
11.536995	0.096733		11.536995	0.074833		11.536995	0.195809	
11.573445	0.096767		11.573445	0.075117		11.573445	0.195823	
11.609894	0.096800		11.609894	0.075433		11.609894	0.195819	
11.646344	0.096917		11.646344	0.075800		11.646344	0.195819	
11.682796	0.097017		11.682796	0.076083		11.682796	0.195820	
11.719245	0.097050		11.719245	0.076700		11.719245	0.195819	
11.755693	0.097100		11.755693	0.077333		11.755693	0.195820	
11.792142	0.097250		11.792142	0.077833		11.792142	0.195828	
11.828592	0.097317		11.828592	0.078500		11.828592	0.195828	
11.865043	0.097500		11.865043	0.079267		11.865043	0.195822	
11.901493	0.097633		11.901493	0.080267		11.901493	0.195820	
11.937939	0.097800		11.937939	0.081017		11.937939	0.195821	
11.974886	0.098133		11.974886	0.082250		11.974886	0.195826	
12.011624	0.098567		12.011624	0.083350		12.011624	0.195828	
12.048071	0.098733		12.048071	0.084750		12.048071	0.195829	
12.084521	0.099033		12.084521	0.086250		12.084521	0.195826	
12.120971	0.099317		12.120971	0.087867		12.120971	0.195818	
12.157419	0.099650		12.157419	0.089550		12.157419	0.195817	
12.193869	0.099950		12.193869	0.091467		12.193869	0.195819	
12.230319	0.100217		12.230319	0.093383		12.230319	0.195829	
12.266769	0.100833		12.266769	0.095600		12.266769	0.195835	
12.303220	0.101350		12.303220	0.097983		12.303220	0.195840	
12.339669	0.101850		12.339669	0.100400		12.339669	0.195841	
12.376119	0.102317		12.376119	0.102967		12.376119	0.195835	
12.412567	0.102767		12.412567	0.105633		12.412567	0.195833	
12.449019	0.103333		12.449019	0.108417		12.449019	0.195833	
12.485469	0.104083		12.485469	0.111433		12.485469	0.195834	
12.521920	0.104617		12.521920	0.114533		12.521920	0.195834	
12.558368	0.105217		12.558368	0.117833		12.558368	0.195840	
12.594819	0.105983		12.594819	0.121050		12.594819	0.195850	
12.631280	0.106700		12.631280	0.124383		12.631280	0.195851	
12.667716	0.107333		12.667716	0.127883		12.667716	0.195852	
12.704168	0.107917		12.704168	0.131317		12.704168	0.195851	
12.740617	0.108633		12.740617	0.134850		12.740617	0.195850	
12.777066	0.109467		12.777066	0.138317		12.777066	0.195857	
12.813518	0.110017		12.813518	0.141767		12.813518	0.195862	
12.849965	0.110617		12.849965	0.145150		12.849965	0.195865	
12.886416	0.111317		12.886416	0.148483		12.886416	0.195874	
12.922865	0.112050		12.922865	0.151617		12.922865	0.195877	
12.959316	0.112650		12.959316	0.154767		12.959316	0.195877	
12.995765	0.113100		12.995765	0.157700		12.995765	0.195886	
13.032214	0.113617		13.032214	0.160550		13.032214	0.195884	
13.068848	0.114350		13.068848	0.163150		13.068848	0.195877	
13.105633	0.114850		13.105633	0.165567		13.105633	0.195868	
13.142083	0.115300		13.142083	0.167817		13.142083	0.195866	
13.178535	0.115483		13.178535	0.169750		13.178535	0.195867	
13.214984	0.115800		13.214984	0.171550		13.214984	0.195878	
13.251432	0.116067		13.251432	0.173050		13.251432	0.195888	
13.287883	0.116367		13.287883	0.174417		13.287883	0.195882	
13.324347	0.116600		13.324347	0.175517		13.324347	0.195886	
13.360785	0.116967		13.360785	0.176150		13.360785	0.195891	
13.397234	0.116983		13.397234	0.176617		13.397234	0.195889	
13.433682	0.117117		13.433682	0.177167		13.433682	0.195886	
13.470131	0.117117		13.470131	0.177033		13.470131	0.195885	
13.506580	0.117067		13.506580	0.176883		13.506580	0.195886	
13.543030	0.116883		13.543030	0.176350		13.543030	0.195881	
13.579483	0.116800		13.579483	0.175783		13.579483	0.195873	
13.615931	0.116600		13.615931	0.175017		13.615931	0.195871	
13.652381	0.116300		13.652381	0.173817		13.652381	0.195871	
13.688830	0.116000		13.688830	0.172733		13.688830	0.195878	
13.725279	0.115750		13.725279	0.171217		13.725279	0.195879	
13.761729	0.115533		13.761729	0.169683		13.761729	0.195873	
13.798181	0.115233		13.798181	0.167883		13.798181	0.195870	
13.834628	0.114950		13.834628	0.165983		13.834628	0.195861	
13.871079	0.114600		13.871079	0.163900		13.871079	0.195860	
13.907528	0.113967		13.907528	0.161800		13.907528	0.195863	
13.943977	0.113450		13.943977	0.159600		13.943977	0.195867	
13.980428	0.112983		13.980428	0.157167		13.980428	0.195861	
14.016878	0.112617		14.016878	0.154900		14.016878	0.195857	
14.053328	0.112267		14.053328	0.152550		14.053328	0.195857	
14.089777	0.111850		14.089777	0.149983		14.089777	0.195861	
14.126227	0.111183		14.126227	0.147600		14.126227	0.195860	
14.162703	0.110650		14.162703	0.145017		14.162703	0.195859	
14.199387	0.110183		14.199387	0.142650		14.199387	0.195857	
14.235836	0.109767		14.235836	0.140233		14.235836	0.195856	
14.272288	0.109317		14.272288	0.137750		14.272288	0.195855	
14.308737	0.108933		14.308737	0.135450		14.308737	0.195854	
14.345185	0.108250		14.345185	0.133050		14.345185	0.195849	
14.381635	0.107783		14.381635	0.130617		14.381635	0.195846	
14.418084	0.107333		14.418084	0.128267		14.418084	0.195844	
14.454535	0.106983		14.454535	0.126083		14.454535	0.195846	
14.490999	0.106633		14.490999	0.123867		14.490999	0.195847	
14.527436	0.106133		14.527436	0.121733		14.527436	0.195842	
14.563883	0.105600		14.563883	0.119667		14.563883	0.195832	
14.600335	0.105233		14.600335	0.117667		14.600335	0.195831	
14.636785	0.104833		14.636785	0.115600		14.636785	0.195832	
14.673234	0.104433		14.673234	0.113667		14.673234	0.195830	
14.709682	0.104167		14.709682	0.111950		14.709682	0.195834	
14.746134	0.103767		14.746134	0.109950		14.746134	0.195835	
14.782581	0.103400		14.782581	0.108100		14.782581	0.195830	
14.819032	0.103067		14.819032	0.106633		14.819032	0.195830	
14.855483	0.102683		14.855483	0.104933		14.855483	0.195831	
14.891931	0.102367		14.891931	0.103533		14.891931	0.195831	
14.928381	0.102133		14.928381	0.101983		14.928381	0.195829	
14.964831	0.101917		14.964831	0.100567		14.964831	0.195829	
15.001281	0.101617		15.001281	0.099233		15.001281	0.195822	
15.037730	0.101367		15.037730	0.097950		15.037730	0.195822	
15.074179	0.101167		15.074179	0.096467		15.074179	0.195816	
15.110631	0.100967		15.110631	0.095433		15.110631	0.195818	
15.147079	0.100700		15.147079	0.094250		15.147079	0.195819	
15.183530	0.100250		15.183530	0.093267		15.183530	0.195823	
15.219978	0.100067		15.219978	0.092033		15.219978	0.195823	
15.256456	0.099933		15.256456	0.091233		15.256456	0.195825	
15.293558	0.099733		15.293558	0.090350		15.293558	0.195824	
15.330110	0.099550		15.330110	0.089233		15.330110	0.195822	
15.366560	0.099433		15.366560	0.088450		15.366560	0.195823	
15.403010	0.099317		15.403010	0.087617		15.403010	0.195823	
15.439461	0.099150		15.439461	0.086750		15.439461	0.195823	
15.475923	0.099033		15.475923	0.086083		15.475923	0.195823	
15.512358	0.098800		15.512358	0.085433		15.512358	0.195820	
15.548808	0.098650		15.548808	0.084650		15.548808	0.195818	
15.585272	0.098567		15.585272	0.083850		15.585272	0.195819	
15.621707	0.098417		15.621707	0.083367		15.621707	0.195819	
15.658155	0.098433		15.658155	0.082850		15.658155	0.195821	
15.694607	0.098233		15.694607	0.082367		15.694607	0.195821	
15.731056	0.098067		15.731056	0.081567		15.731056	0.195821	
15.767506	0.097967		15.767506	0.081133		15.767506	0.195825	
15.803954	0.097700		15.803954	0.080733		15.803954	0.195825	
15.840405	0.097633		15.840405	0.080367		15.840405	0.195829	
15.876856	0.097617		15.876856	0.080000		15.876856	0.195826	
15.913304	0.097417		15.913304	0.079533		15.913304	0.195825	
15.949755	0.097433		15.949755	0.078967		15.949755	0.195829	
15.986202	0.097383		15.986202	0.078683		15.986202	0.195826	
16.022654	0.097350		16.022654	0.078400		16.022654	0.195817	
16.059101	0.097300		16.059101	0.078083		16.059101	0.195817	
16.095552	0.097283		16.095552	0.077850		16.095552	0.195822	
16.132002	0.097150		16.132002	0.077583		16.132002	0.195820	
16.168453	0.097083		16.168453	0.077383		16.168453	0.195816	
16.204903	0.097067		16.204903	0.077217		16.204903	0.195817	
16.241352	0.097017		16.241352	0.076800		16.241352	0.195825	
16.277803	0.097017		16.277803	0.076433		16.277803	0.195822	
16.314251	0.096950		16.314251	0.076183		16.314251	0.195812	
16.350702	0.096967		16.350702	0.076050		16.350702	0.195811	
16.387867	0.096950		16.387867	0.075950		16.387867	0.195816	
16.424643	0.096883		16.424643	0.075767		16.424643	0.195818	
16.461092	0.096917		16.461092	0.075667		16.461092	0.195820	
16.497541	0.096900		16.497541	0.075600		16.497541	0.195825	
16.533993	0.096800		16.533993	0.075483		16.533993	0.195825	
16.570440	0.096817		16.570440	0.075400		16.570440	0.195820	
16.606890	0.096717		16.606890	0.075383		16.606890	0.195812	
16.643337	0.096817		16.643337	0.075333		16.643337	0.195811	
16.679789	0.096733		16.679789	0.075233		16.679789	0.195813	
16.716240	0.096717		16.716240	0.075083		16.716240	0.195821	
16.752689	0.096683		16.752689	0.075100		16.752689	0.195822	
16.789139	0.096683		16.789139	0.075083		16.789139	0.195827	
16.825588	0.096800		16.825588	0.075033		16.825588	0.195827	
16.862038	0.096850		16.862038	0.074983		16.862038	0.195819	
16.898491	0.096767		16.898491	0.075017		16.898491	0.195812	
16.934938	0.096700		16.934938	0.074983		16.934938	0.195811	
16.971388	0.096733		16.971388	0.074967		16.971388	0.195820	
17.007839	0.096783		17.007839	0.074933		17.007839	0.195823	
17.044289	0.096750		17.044289	0.074900		17.044289	0.195819	
17.080736	0.096700		17.080736	0.074850		17.080736	0.195818	
17.117188	0.096733		17.117188	0.074950		17.117188	0.195819	
17.153639	0.096733		17.153639	0.074900		17.153639	0.195823	
17.190088	0.096667		17.190088	0.074750		17.190088	0.195825	
17.226534	0.096700		17.226534	0.074850		17.226534	0.195826	
17.262987	0.096700		17.262987	0.074883		17.262987	0.195828	
17.299435	0.096717		17.299435	0.074833		17.299435	0.195824	
17.335886	0.096667		17.335886	0.074817		17.335886	0.195826	
17.372334	0.096700		17.372334	0.074883		17.372334	0.195821	
17.408787	0.096750		17.408787	0.074850		17.408787	0.195821	
17.445236	0.096717		17.445236	0.074867		17.445236	0.195822	
17.481956	0.096733		17.481956	0.074933		17.481956	0.195813	
17.518656	0.096650		17.518656	0.074833		17.518656	0.195803	
17.555103	0.096717		17.555103	0.074883		17.555103	0.195803	
17.591555	0.096750		17.591555	0.074917		17.591555	0.195811	
17.628002	0.096717		17.628002	0.074967		17.628002	0.195814	
17.664452	0.096700		17.664452	0.074983		17.664452	0.195820	
17.700903	0.096783		17.700903	0.074983		17.700903	0.195823	
17.737350	0.096767		17.737350	0.075000		17.737350	0.195820	
17.773802	0.096750		17.773802	0.074983		17.773802	0.195820	
17.810251	0.096717		17.810251	0.075033		17.810251	0.195822	
17.846703	0.096683		17.846703	0.075000		17.846703	0.195820	
17.883150	0.096783		17.883150	0.075017		17.883150	0.195819	
17.919601	0.096783		17.919601	0.075117		17.919601	0.195818	
17.956051	0.096850		17.956051	0.075100		17.956051	0.195821	
17.992502	0.096833		17.992502	0.075083		17.992502	0.195824	
18.028950	0.096800		18.028950	0.075167		18.028950	0.195816	
18.065399	0.096800		18.065399	0.075233		18.065399	0.195812	
18.101849	0.096750		18.101849	0.075333		18.101849	0.195812	
18.138300	0.096800		18.138300	0.075383		18.138300	0.195819	
18.174751	0.096783		18.174751	0.075350		18.174751	0.195820	
18.211199	0.096750		18.211199	0.075417		18.211199	0.195817	
18.247648	0.096900		18.247648	0.075500		18.247648	0.195814	
18.284101	0.096833		18.284101	0.075600		18.284101	0.195820	
18.320549	0.096817		18.320549	0.075617		18.320549	0.195818	
18.357000	0.096817		18.357000	0.075633		18.357000	0.195816	
18.393461	0.096883		18.393461	0.075683		18.393461	0.195813	
18.429899	0.096883		18.429899	0.075650		18.429899	0.195811	
18.466349	0.096900		18.466349	0.075767		18.466349	0.195814	
18.502798	0.096850		18.502798	0.075650		18.502798	0.195825	
18.539248	0.096883		18.539248	0.075750		18.539248	0.195825	
18.575815	0.096900		18.575815	0.075717		18.575815	0.195823	
18.612669	0.096967		18.612669	0.075717		18.612669	0.195822	
18.649117	0.096933		18.649117	0.075750		18.649117	0.195824	
18.685568	0.096883		18.685568	0.075800		18.685568	0.195828	
18.722017	0.096933		18.722017	0.075717		18.722017	0.195831	
18.758467	0.096867		18.758467	0.075700		18.758467	0.195833	
18.794916	0.096900		18.794916	0.075733		18.794916	0.195827	
18.831366	0.096933		18.831366	0.075767		18.831366	0.195821	
18.867815	0.096900		18.867815	0.075833		18.867815	0.195820	
18.904266	0.096867		18.904266	0.075800		18.904266	0.195828	
18.940712	0.096850		18.940712	0.075783		18.940712	0.195825	
18.977165	0.096850		18.977165	0.075750		18.977165	0.195820	
19.013615	0.096917		19.013615	0.075750		19.013615	0.195820	
19.050060	0.096883		19.050060	0.075700		19.050060	0.195823	
19.086512	0.096883		19.086512	0.075717		19.086512	0.195812	
19.122961	0.096883		19.122961	0.075667		19.122961	0.195809	
19.159414	0.096900		19.159414	0.075650		19.159414	0.195808	
19.195862	0.096900		19.195862	0.075667		19.195862	0.195816	
19.232315	0.096900		19.232315	0.075667		19.232315	0.195824	
19.268763	0.096917		19.268763	0.075667		19.268763	0.195824	
19.305214	0.096917		19.305214	0.075633		19.305214	0.195817	
19.341675	0.096867		19.341675	0.075650		19.341675	0.195810	
19.378113	0.096917		19.378113	0.075617		19.378113	0.195810	
19.414562	0.096767		19.414562	0.075567		19.414562	0.195809	
19.451014	0.096883		19.451014	0.075583		19.451014	0.195815	
19.487461	0.096917		19.487461	0.075583		19.487461	0.195817	
19.523911	0.096900		19.523911	0.075467		19.523911	0.195825	
19.560360	0.096900		19.560360	0.075383		19.560360	0.195823	
19.596811	0.096800		19.596811	0.075433		19.596811	0.195822	
19.633261	0.096750		19.633261	0.075350		19.633261	0.195822	
19.669720	0.096767		19.669720	0.075367		19.669720	0.195814	
19.706915	0.096867		19.706915	0.075300		19.706915	0.195814	
19.743391	0.096817		19.743391	0.075283		19.743391	0.195816	
19.779839	0.096817		19.779839	0.075317		19.779839	0.195821	
19.816290	0.096767		19.816290	0.075217		19.816290	0.195818	
19.852739	0.096817		19.852739	0.075150		19.852739	0.195817	
19.889189	0.096717		19.889189	0.075167		19.889189	0.195819	
19.925638	0.096817		19.925638	0.075100		19.925638	0.195821	
19.962088	0.096750		19.962088	0.075117		19.962088	0.195821	
19.998539	0.096717		19.998539	0.075100		19.998539	0.195822	
20.034988	0.096767		20.034988	0.075050		20.034988	0.195823	
20.071440	0.096750		20.071440	0.075000		20.071440	0.195824	
20.107887	0.096733		20.107887	0.075017		20.107887	0.195824	
20.144339	0.096750		20.144339	0.075000		20.144339	0.195824	
20.180786	0.096733		20.180786	0.075050		20.180786	0.195822	
20.217239	0.096767		20.217239	0.075017		20.217239	0.195819	
20.253685	0.096700		20.253685	0.074983		20.253685	0.195823	
20.290136	0.096717		20.290136	0.074950		20.290136	0.195822	
20.326584	0.096700		20.326584	0.074933		20.326584	0.195815	
20.363035	0.096717		20.363035	0.074900		20.363035	0.195816	
20.399485	0.096650		20.399485	0.074900		20.399485	0.195826	
20.435934	0.096633		20.435934	0.074800		20.435934	0.195834	
20.472383	0.096667		20.472383	0.074750		20.472383	0.195827	
20.508835	0.096683		20.508835	0.074783		20.508835	0.195822	
20.545286	0.096650		20.545286	0.074783		20.545286	0.195825	
20.581732	0.096717		20.581732	0.074667		20.581732	0.195830	
20.618181	0.096683		20.618181	0.074667		20.618181	0.195831	
20.654633	0.096667		20.654633	0.074683		20.654633	0.195824	
20.691082	0.096717		20.691082	0.074667		20.691082	0.195822	
20.727531	0.096667		20.727531	0.074633		20.727531	0.195818	
20.763981	0.096633		20.763981	0.074617		20.763981	0.195817	
20.801579	0.096667		20.801579	0.074567		20.801579	0.195818	
20.838186	0.096650		20.838186	0.074533		20.838186	0.195827	
20.874636	0.096683		20.874636	0.074567		20.874636	0.195816	
20.911083	0.096633		20.911083	0.074500		20.911083	0.195813	
20.947535	0.096650		20.947535	0.074400		20.947535	0.195817	
20.983982	0.096617		20.983982	0.074367		20.983982	0.195827	
21.020433	0.096617		21.020433	0.074400		21.020433	0.195826	
21.056881	0.096617		21.056881	0.074317		21.056881	0.195825	
21.093332	0.096650		21.093332	0.074350		21.093332	0.195827	
21.129786	0.096583		21.129786	0.074333		21.129786	0.195833	
21.166229	0.096600		21.166229	0.074233		21.166229	0.195828	
21.202682	0.096533		21.202682	0.074200		21.202682	0.195824	
21.239130	0.096600		21.239130	0.074133		21.239130	0.195825	
21.275579	0.096617		21.275579	0.074100		21.275579	0.195830	
21.312027	0.096600		21.312027	0.074000		21.312027	0.195835	
21.348478	0.096600		21.348478	0.074100		21.348478	0.195836	
21.384928	0.096583		21.384928	0.073833		21.384928	0.195832	
21.421379	0.096583		21.421379	0.073800		21.421379	0.195820	
21.457829	0.096600		21.457829	0.073700		21.457829	0.195818	
21.494280	0.096450		21.494280	0.073633		21.494280	0.195827	
21.530727	0.096550		21.530727	0.073667		21.530727	0.195830	
21.567179	0.096550		21.567179	0.073650		21.567179	0.195826	
21.603628	0.096567		21.603628	0.073617		21.603628	0.195826	
21.640076	0.096467		21.640076	0.073600		21.640076	0.195827	
21.676525	0.096483		21.676525	0.073550		21.676525	0.195829	
21.712976	0.096533		21.712976	0.073450		21.712976	0.195829	
21.749428	0.096467		21.749428	0.073400		21.749428	0.195823	
21.785873	0.096417		21.785873	0.073383		21.785873	0.195822	
21.822327	0.096467		21.822327	0.073350		21.822327	0.195828	
21.858776	0.096467		21.858776	0.073317		21.858776	0.195837	
21.895357	0.096433		21.895357	0.073267		21.895357	0.195831	
21.931936	0.096383		21.931936	0.073250		21.931936	0.195822	
21.968386	0.096450		21.968386	0.073283		21.968386	0.195821	
22.004835	0.096450		22.004835	0.073150		22.004835	0.195821	
22.041285	0.096483		22.041285	0.073117		22.041285	0.195815	
22.077736	0.096383		22.077736	0.073100		22.077736	0.195814	
22.114185	0.096400		22.114185	0.073033		22.114185	0.195816	
22.150631	0.096417		22.150631	0.073017		22.150631	0.195825	
22.187084	0.096400		22.187084	0.072983		22.187084	0.195839	
22.223536	0.096383		22.223536	0.072983		22.223536	0.195839	
22.259983	0.096383		22.259983	0.072950		22.259983	0.195831	
22.296436	0.096283		22.296436	0.072900		22.296436	0.195831	
22.332884	0.096300		22.332884	0.072833		22.332884	0.195830	
22.369333	0.096333		22.369333	0.072800		22.369333	0.195830	
22.405783	0.096317		22.405783	0.072767		22.405783	0.195827	
22.442230	0.096350		22.442230	0.072733		22.442230	0.195826	
22.478682	0.096400		22.478682	0.072733		22.478682	0.195826	
22.515131	0.096317		22.515131	0.072683		22.515131	0.195834	
22.551582	0.096367		22.551582	0.072667		22.551582	0.195836	
22.588032	0.096317		22.588032	0.072650		22.588032	0.195830	
22.624481	0.096300		22.624481	0.072633		22.624481	0.195825	
22.660931	0.096283		22.660931	0.072533		22.660931	0.195825	
22.697382	0.096300		22.697382	0.072533		22.697382	0.195826	
22.733828	0.096350		22.733828	0.072517		22.733828	0.195829	
22.770279	0.096300		22.770279	0.072500		22.770279	0.195831	
22.806726	0.096317		22.806726	0.072483		22.806726	0.195833	
22.843178	0.096317		22.843178	0.072383		22.843178	0.195829	
22.879625	0.096300		22.879625	0.072383		22.879625	0.195825	
22.916077	0.096233		22.916077	0.072317		22.916077	0.195830	
22.952528	0.096233		22.952528	0.072317		22.952528	0.195830	
22.989054	0.096300		22.989054	0.072350		22.989054	0.195829	
23.025686	0.096300		23.025686	0.072300		23.025686	0.195832	
23.062138	0.096267		23.062138	0.072183		23.062138	0.195835	
23.098585	0.096250		23.098585	0.072200		23.098585	0.195833	
23.135036	0.096267		23.135036	0.072150		23.135036	0.195834	
23.171486	0.096217		23.171486	0.072117		23.171486	0.195836	
23.207935	0.096267		23.207935	0.072117		23.207935	0.195836	
23.244389	0.096167		23.244389	0.072067		23.244389	0.195823	
23.280834	0.096200		23.280834	0.072017		23.280834	0.195822	
23.317289	0.096167		23.317289	0.072033		23.317289	0.195825	
23.353735	0.096233		23.353735	0.072017		23.353735	0.195838	
23.390188	0.096183		23.390188	0.071950		23.390188	0.195832	
23.426634	0.096150		23.426634	0.071983		23.426634	0.195826	
23.463083	0.096200		23.463083	0.072000		23.463083	0.195828	
23.499535	0.096183		23.499535	0.071933		23.499535	0.195828	
23.535982	0.096183		23.535982	0.071933		23.535982	0.195825	
23.572432	0.096133		23.572432	0.071850		23.572432	0.195826	
23.608885	0.096167		23.608885	0.071767		23.608885	0.195832	
23.645332	0.096183		23.645332	0.071767		23.645332	0.195835	
23.681784	0.096083		23.681784	0.071783		23.681784	0.195830	
23.718231	0.096133		23.718231	0.071717		23.718231	0.195834	
23.754684	0.096183		23.754684	0.071717		23.754684	0.195840	
23.791134	0.096100		23.791134	0.071700		23.791134	0.195846	
23.827581	0.096100		23.827581	0.071650		23.827581	0.195842	
23.864031	0.096133		23.864031	0.071683		23.864031	0.195842	
23.900480	0.096133		23.900480	0.071617		23.900480	0.195839	
23.936932	0.096167		23.936932	0.071567		23.936932	0.195833	
23.973381	0.096067		23.973381	0.071633		23.973381	0.195830	
24.009829	0.096117		24.009829	0.071600		24.009829	0.195826	
24.046282	0.096050		24.046282	0.071400		24.046282	0.195827	
24.082914	0.096117		24.082914	0.071433		24.082914	0.195830	
24.120220	0.096133		24.120220	0.071567		24.120220	0.195834	
24.156672	0.096033		24.156672	0.071467		24.156672	0.195834	
24.193119	0.096050		24.193119	0.071467		24.193119	0.195829	
24.229568	0.096050		24.229568	0.071500		24.229568	0.195831	
24.266018	0.096133		24.266018	0.071267		24.266018	0.195832	
24.302471	0.096117		24.302471	0.071267		24.302471	0.195836	
24.338919	0.096067		24.338919	0.071167		24.338919	0.195835	
24.375370	0.096133		24.375370	0.071200		24.375370	0.195833	
24.411818	0.096067		24.411818	0.071100		24.411818	0.195832	
24.448271	0.096100		24.448271	0.071100		24.448271	0.195833	
24.484718	0.096100		24.484718	0.071233		24.484718	0.195835	
24.521172	0.096017		24.521172	0.071033		24.521172	0.195829	
24.557615	0.096050		24.557615	0.071133		24.557615	0.195827	
24.594070	0.095950		24.594070	0.071033		24.594070	0.195832	
24.630520	0.096017		24.630520	0.071000		24.630520	0.195837	
24.666965	0.096033		24.666965	0.070983		24.666965	0.195839	
24.703415	0.096050		24.703415	0.071017		24.703415	0.195839	
24.739870	0.095950		24.739870	0.070967		24.739870	0.195840	
24.776318	0.096067		24.776318	0.071000		24.776318	0.195844	
24.812767	0.095983		24.812767	0.070983		24.812767	0.195833	
24.849216	0.095933		24.849216	0.070967		24.849216	0.195826	
24.885666	0.096050		24.885666	0.070983		24.885666	0.195825	
24.922115	0.096000		24.922115	0.070967		24.922115	0.195828	
24.958565	0.096033		24.958565	0.070883		24.958565	0.195827	
24.995014	0.096017		24.995014	0.070967		24.995014	0.195826	
25.031462	0.096083		25.031462	0.070933		25.031462	0.195826	
25.067911	0.096033		25.067911	0.070883		25.067911	0.195832	
25.104361	0.096033		25.104361	0.070917		25.104361	0.195829	
25.140812	0.096033		25.140812	0.070933		25.140812	0.195828	
25.177267	0.096017		25.177267	0.070917		25.177267	0.195828	
25.213894	0.096033		25.213894	0.070850		25.213894	0.195832	
25.250425	0.096000		25.250425	0.070833		25.250425	0.195842	
25.286871	0.096017		25.286871	0.070833		25.286871	0.195839	
25.323322	0.096033		25.323322	0.070817		25.323322	0.195838	
25.359772	0.096067		25.359772	0.070783		25.359772	0.195834	
25.396225	0.096017		25.396225	0.070767		25.396225	0.195832	
25.432671	0.096067		25.432671	0.070767		25.432671	0.195832	
25.469122	0.095933		25.469122	0.070717		25.469122	0.195835	
25.505568	0.096033		25.505568	0.070750		25.505568	0.195832	
25.542021	0.095967		25.542021	0.070783		25.542021	0.195823	
25.578468	0.096017		25.578468	0.070733		25.578468	0.195817	
25.614920	0.096017		25.614920	0.070717		25.614920	0.195825	
25.651365	0.095983		25.651365	0.070733		25.651365	0.195829	
25.687819	0.096017		25.687819	0.070733		25.687819	0.195836	
25.724272	0.096067		25.724272	0.070667		25.724272	0.195837	
25.760721	0.096000		25.760721	0.070717		25.760721	0.195830	
25.797171	0.095983		25.797171	0.070700		25.797171	0.195826	
25.833620	0.096000		25.833620	0.070683		25.833620	0.195823	
25.870070	0.095983		25.870070	0.070683		25.870070	0.195830	
25.906519	0.095983		25.906519	0.070667		25.906519	0.195828	
25.942966	0.095933		25.942966	0.070683		25.942966	0.195825	
25.979418	0.096017		25.979418	0.070683		25.979418	0.195825	
26.015869	0.096000		26.015869	0.070667		26.015869	0.195825	
26.052315	0.095967		26.052315	0.070667		26.052315	0.195824	
26.088768	0.096000		26.088768	0.070667		26.088768	0.195821	
26.125219	0.095983		26.125219	0.070583		26.125219	0.195812	
26.161678	0.096000		26.161678	0.070683		26.161678	0.195813	
26.198118	0.096000		26.198118	0.070633		26.198118	0.195822	
26.234564	0.095900		26.234564	0.070650		26.234564	0.195833	
26.271017	0.095983		26.271017	0.070650		26.271017	0.195833	
26.307726	0.095983		26.307726	0.070650		26.307726	0.195833	
26.344435	0.095983		26.344435	0.070567		26.344435	0.195829	
26.380884	0.096033		26.380884	0.070617		26.380884	0.195829	
26.417336	0.095983		26.417336	0.070583		26.417336	0.195827	
26.453783	0.095983		26.453783	0.070617		26.453783	0.195827	
26.490234	0.095983		26.490234	0.070650		26.490234	0.195820	
26.526682	0.095933		26.526682	0.070633		26.526682	0.195817	
26.563137	0.095983		26.563137	0.070617		26.563137	0.195817	
26.599583	0.095967		26.599583	0.070600		26.599583	0.195832	
26.636036	0.095950		26.636036	0.070633		26.636036	0.195831	
26.672480	0.095983		26.672480	0.070633		26.672480	0.195817	
26.708933	0.095950		26.708933	0.070567		26.708933	0.195815	
26.745378	0.096017		26.745378	0.070633		26.745378	0.195819	
26.781834	0.095917		26.781834	0.070533		26.781834	0.195825	
26.818281	0.095983		26.818281	0.070533		26.818281	0.195829	
26.854733	0.095933		26.854733	0.070617		26.854733	0.195828	
26.891182	0.095933		26.891182	0.070533		26.891182	0.195828	
26.927631	0.096017		26.927631	0.070550		26.927631	0.195832	
26.964079	0.095950		26.964079	0.070550		26.964079	0.195822	
27.000532	0.095967		27.000532	0.070583		27.000532	0.195822	
27.036978	0.095917		27.036978	0.070633		27.036978	0.195823	
27.073429	0.095933		27.073429	0.070550		27.073429	0.195825	
27.109882	0.095983		27.109882	0.070533		27.109882	0.195828	
27.146328	0.095967		27.146328	0.070567		27.146328	0.195833	
27.182779	0.095967		27.182779	0.070483		27.182779	0.195831	
27.219227	0.095933		27.219227	0.070483		27.219227	0.195827	
27.255678	0.095983		27.255678	0.070483		27.255678	0.195830	
27.292130	0.095917		27.292130	0.070517		27.292130	0.195828	
27.328579	0.095983		27.328579	0.070483		27.328579	0.195824	
27.365028	0.095967		27.365028	0.070467		27.365028	0.195821	
27.401936	0.095967		27.401936	0.070467		27.401936	0.195813	
27.438969	0.095933		27.438969	0.070517		27.438969	0.195808	
27.475418	0.095950		27.475418	0.070417		27.475418	0.195810	
27.511868	0.095950		27.511868	0.070467		27.511868	0.195815	
27.548323	0.095917		27.548323	0.070450		27.548323	0.195818	
27.584763	0.095967		27.584763	0.070500		27.584763	0.195821	
27.621220	0.095950		27.621220	0.070350		27.621220	0.195826	
27.657665	0.095917		27.657665	0.070367		27.657665	0.195828	
27.694117	0.095933		27.694117	0.070417		27.694117	0.195824	
27.730564	0.096000		27.730564	0.070517		27.730564	0.195819	
27.767015	0.095950		27.767015	0.070450		27.767015	0.195818	
27.803465	0.095983		27.803465	0.070417		27.803465	0.195816	
27.839914	0.095983		27.839914	0.070383		27.839914	0.195820	
27.876366	0.096000		27.876366	0.070383		27.876366	0.195820	
27.912813	0.095933		27.912813	0.070467		27.912813	0.195831	
27.949265	0.095917		27.949265	0.070383		27.949265	0.195828	
27.985714	0.095883		27.985714	0.070483		27.985714	0.195821	
28.022165	0.095983		28.022165	0.070350		28.022165	0.195815	
28.058615	0.095900		28.058615	0.070450		28.058615	0.195812	
28.095066	0.095933		28.095066	0.070367		28.095066	0.195816	
28.131514	0.095883		28.131514	0.070400		28.131514	0.195821	
28.167965	0.095850		28.167965	0.070350		28.167965	0.195818	
28.204414	0.095883		28.204414	0.070350		28.204414	0.195817	
28.240862	0.095950		28.240862	0.070350		28.240862	0.195821	
28.277311	0.095883		28.277311	0.070300		28.277311	0.195819	
28.313763	0.095917		28.313763	0.070333		28.313763	0.195819	
28.350214	0.095917		28.350214	0.070333		28.350214	0.195827	
28.386660	0.095817		28.386660	0.070350		28.386660	0.195829	
28.423113	0.095933		28.423113	0.070350		28.423113	0.195828	
28.459560	0.095883		28.459560	0.070317		28.459560	0.195828	
28.496191	0.095883		28.496191	0.070317		28.496191	0.195827	
28.533243	0.095833		28.533243	0.070383		28.533243	0.195823	
28.569691	0.095983		28.569691	0.070367		28.569691	0.195823	
28.606142	0.095883		28.606142	0.070367		28.606142	0.195828	
28.642593	0.095917		28.642593	0.070333		28.642593	0.195836	
28.679039	0.095983		28.679039	0.070433		28.679039	0.195836	
28.715490	0.095900		28.715490	0.070400		28.715490	0.195835	
28.751940	0.095867		28.751940	0.070383		28.751940	0.195827	
28.788391	0.095900		28.788391	0.070400		28.788391	0.195826	
28.824839	0.095933		28.824839	0.070417		28.824839	0.195828	
28.861288	0.095833		28.861288	0.070433		28.861288	0.195840	
28.897736	0.095867		28.897736	0.070383		28.897736	0.195841	
28.934191	0.095983		28.934191	0.070433		28.934191	0.195838	
28.970636	0.095967		28.970636	0.070400		28.970636	0.195839	
29.007090	0.095867		29.007090	0.070450		29.007090	0.195839	
29.043535	0.095933		29.043535	0.070433		29.043535	0.195837	
29.079987	0.095917		29.079987	0.070467		29.079987	0.195829	
29.116438	0.095867		29.116438	0.070450		29.116438	0.195834	
29.152885	0.095950		29.152885	0.070500		29.152885	0.195834	
29.189337	0.095917		29.189337	0.070567		29.189337	0.195840	
29.225784	0.095883		29.225784	0.070533		29.225784	0.195848	
29.262238	0.095917		29.262238	0.070467		29.262238	0.195850	
29.298685	0.095883		29.298685	0.070517		29.298685	0.195853	
29.335135	0.095983		29.335135	0.070567		29.335135	0.195845	
29.371584	0.095933		29.371584	0.070500		29.371584	0.195838	
29.408033	0.095950		29.408033	0.070533		29.408033	0.195838	
29.444485	0.096000		29.444485	0.070600		29.444485	0.195839	
29.480934	0.095933		29.480934	0.070533		29.480934	0.195836	
29.517384	0.095967		29.517384	0.070567		29.517384	0.195839	
29.553835	0.095983		29.553835	0.070500		29.553835	0.195839	
29.590336	0.095967		29.590336	0.070533		29.590336	0.195836	
29.627476	0.095933		29.627476	0.070617		29.627476	0.195838	
29.663963	0.095950		29.663963	0.070533		29.663963	0.195841	
29.700413	0.096000		29.700413	0.070550		29.700413	0.195841	
29.736862	0.095917		29.736862	0.070550		29.736862	0.195842	
29.773315	0.095867		29.773315	0.070583		29.773315	0.195835	
29.809767	0.095917		29.809767	0.070617		29.809767	0.195838	
29.846214	0.095883		29.846214	0.070600		29.846214	0.195842	
29.882677	0.095933		29.882677	0.070583		29.882677	0.195845	
29.919111	0.095950		29.919111	0.070633		29.919111	0.195844	
29.955559	0.095967		29.955559	0.070583		29.955559	0.195840	
29.992010	0.095917		29.992010	0.070617		29.992010	0.195837	
30.028461	0.095900		30.028461	0.070583		30.028461	0.195837	
30.064909	0.095967		30.064909	0.070600		30.064909	0.195850	
30.101360	0.095967		30.101360	0.070567		30.101360	0.195860	
30.137810	0.095950		30.137810	0.070567		30.137810	0.195850	
30.174261	0.095950		30.174261	0.070550		30.174261	0.195848	
30.210712	0.095933		30.210712	0.070600		30.210712	0.195853	
30.247162	0.096000		30.247162	0.070617		30.247162	0.195852	
30.283607	0.095917		30.283607	0.070550		30.283607	0.195849	
30.320061	0.095967		30.320061	0.070600		30.320061	0.195844	
30.356506	0.095950		30.356506	0.070500		30.356506	0.195834	
30.392960	0.095950		30.392960	0.070567		30.392960	0.195833	
30.429407	0.095950		30.429407	0.070583		30.429407	0.195833	
30.465860	0.095950		30.465860	0.070550		30.465860	0.195844	
30.502306	0.095967		30.502306	0.070517		30.502306	0.195847	
30.538761	0.095967		30.538761	0.070600		30.538761	0.195843	
30.575209	0.095917		30.575209	0.070550		30.575209	0.195836	
30.611656	0.095967		30.611656	0.070550		30.611656	0.195833	
30.648106	0.095950		30.648106	0.070650		30.648106	0.195839	
30.684557	0.095950		30.684557	0.070583		30.684557	0.195842	
30.721579	0.096000		30.721579	0.070600		30.721579	0.195831	
30.758238	0.095983		30.758238	0.070567		30.758238	0.195830	
30.794683	0.095933		30.794683	0.070567		30.794683	0.195838	
30.831137	0.096017		30.831137	0.070517		30.831137	0.195843	
30.867586	0.095900		30.867586	0.070583		30.867586	0.195841	
30.904037	0.095967		30.904037	0.070583		30.904037	0.195845	
30.940487	0.095933		30.940487	0.070583		30.940487	0.195854	
30.976934	0.095917		30.976934	0.070567		30.976934	0.195851	
31.013384	0.095933		31.013384	0.070567		31.013384	0.195844	
31.049831	0.095933		31.049831	0.070567		31.049831	0.195843	
31.086285	0.095950		31.086285	0.070583		31.086285	0.195842	
31.122734	0.095900		31.122734	0.070517		31.122734	0.195845	
31.159185	0.095950		31.159185	0.070583		31.159185	0.195852	
31.195631	0.095950		31.195631	0.070583		31.195631	0.195850	
31.232084	0.095833		31.232084	0.070533		31.232084	0.195848	
31.268532	0.095917		31.268532	0.070533		31.268532	0.195842	
31.304981	0.095867		31.304981	0.070533		31.304981	0.195836	
31.341429	0.095900		31.341429	0.070567		31.341429	0.195836	
31.377882	0.095917		31.377882	0.070550		31.377882	0.195840	
31.414331	0.095883		31.414331	0.070583		31.414331	0.195840	
31.450781	0.095883		31.450781	0.070550		31.450781	0.195842	
31.487234	0.095983		31.487234	0.070500		31.487234	0.195837	
31.523680	0.095883		31.523680	0.070517		31.523680	0.195828	
31.560129	0.095933		31.560129	0.070517		31.560129	0.195830	
31.596581	0.095967		31.596581	0.070500		31.596581	0.195835	
31.633030	0.095917		31.633030	0.070533		31.633030	0.195844	
31.669477	0.095900		31.669477	0.070500		31.669477	0.195844	
31.705933	0.095900		31.705933	0.070483		31.705933	0.195842	
31.742378	0.095983		31.742378	0.070467		31.742378	0.195839	
31.778831	0.095933		31.778831	0.070550		31.778831	0.195838	
31.815449	0.095933		31.815449	0.070517		31.815449	0.195846	
31.852253	0.095967		31.852253	0.070517		31.852253	0.195848	
31.888697	0.095983		31.888697	0.070433		31.888697	0.195845	
31.925150	0.095917		31.925150	0.070483		31.925150	0.195846	
31.961596	0.095883		31.961596	0.070467		31.961596	0.195845	
31.998047	0.095883		31.998047	0.070433		31.998047	0.195845	
32.034496	0.095983		32.034496	0.070467		32.034496	0.195833	
32.070950	0.095850		32.070950	0.070383		32.070950	0.195828	
32.107399	0.095983		32.107399	0.070550		32.107399	0.195828	
32.143845	0.095933		32.143845	0.070550		32.143845	0.195834	
32.180298	0.095867		32.180298	0.070483		32.180298	0.195840	
32.216743	0.095917		32.216743	0.070417		32.216743	0.195842	
32.253197	0.095900		32.253197	0.070417		32.253197	0.195838	
32.289646	0.095933		32.289646	0.070450		32.289646	0.195836	
32.326096	0.095883		32.326096	0.070450		32.326096	0.195834	
32.362541	0.095900		32.362541	0.070517		32.362541	0.195830	
32.398994	0.095967		32.398994	0.070467		32.398994	0.195827	
32.435448	0.095950		32.435448	0.070400		32.435448	0.195823	
32.471893	0.095983		32.471893	0.070483		32.471893	0.195829	
32.508343	0.095867		32.508343	0.070400		32.508343	0.195839	
32.544796	0.095967		32.544796	0.070400		32.544796	0.195851	
32.581245	0.095850		32.581245	0.070533		32.581245	0.195844	
32.617691	0.095950		32.617691	0.070450		32.617691	0.195836	
32.654144	0.095883		32.654144	0.070383		32.654144	0.195836	
32.690590	0.095950		32.690590	0.070367		32.690590	0.195837	
32.727043	0.095967		32.727043	0.070433		32.727043	0.195841	
32.763493	0.095917		32.763493	0.070367		32.763493	0.195842	
32.799946	0.095867		32.799946	0.070367		32.799946	0.195842	
32.836395	0.095917		32.836395	0.070367		32.836395	0.195832	
32.872845	0.095883		32.872845	0.070417		32.872845	0.195832	
32.909576	0.095917		32.909576	0.070367		32.909576	0.195831	
32.947044	0.095883		32.947044	0.070400		32.947044	0.195835	
32.983490	0.095883		32.983490	0.070383		32.983490	0.195835	
33.019939	0.095933		33.019939	0.070367		33.019939	0.195840	
33.056393	0.095917		33.056393	0.070450		33.056393	0.195843	
33.092842	0.095900		33.092842	0.070367		33.092842	0.195834	
33.129292	0.095867		33.129292	0.070450		33.129292	0.195834	
33.165737	0.095950		33.165737	0.070383		33.165737	0.195832	
33.202190	0.095883		33.202190	0.070383		33.202190	0.195830	
33.238644	0.095883		33.238644	0.070350		33.238644	0.195831	
33.275089	0.095850		33.275089	0.070383		33.275089	0.195836	
33.311539	0.095983		33.311539	0.070350		33.311539	0.195839	
33.347992	0.095900		33.347992	0.070333		33.347992	0.195834	
33.384441	0.095917		33.384441	0.070367		33.384441	0.195833	
33.420887	0.095850		33.420887	0.070333		33.420887	0.195835	
33.457340	0.095950		33.457340	0.070350		33.457340	0.195835	
33.493790	0.095833		33.493790	0.070333		33.493790	0.195835	
33.530239	0.095900		33.530239	0.070333		33.530239	0.195835	
33.566689	0.095950		33.566689	0.070417		33.566689	0.195835	
33.603138	0.095817		33.603138	0.070383		33.603138	0.195830	
33.639591	0.095883		33.639591	0.070333		33.639591	0.195830	
33.676033	0.095900		33.676033	0.070333		33.676033	0.195830	
33.712486	0.095900		33.712486	0.070317		33.712486	0.195828	
33.748936	0.095967		33.748936	0.070350		33.748936	0.195824	
33.785389	0.095900		33.785389	0.070367		33.785389	0.195825	
33.821831	0.095883		33.821831	0.070333		33.821831	0.195830	
33.858284	0.095917		33.858284	0.070317		33.858284	0.195833	
33.894733	0.095817		33.894733	0.070317		33.894733	0.195836	
33.931198	0.095883		33.931198	0.070350		33.931198	0.195832	
33.967636	0.095850		33.967636	0.070333		33.967636	0.195829	
34.004135	0.095917		34.004135	0.070350		34.004135	0.195828	
34.041016	0.095867		34.041016	0.070333		34.041016	0.195824	
34.077511	0.095817		34.077511	0.070367		34.077511	0.195830	
34.113956	0.095933		34.113956	0.070367		34.113956	0.195830	
34.150402	0.095933		34.150402	0.070333		34.150402	0.195835	
34.186855	0.095883		34.186855	0.070350		34.186855	0.195838	
34.223305	0.095817		34.223305	0.070333		34.223305	0.195833	
34.259750	0.095850		34.259750	0.070350		34.259750	0.195828	
34.296204	0.095900		34.296204	0.070333		34.296204	0.195833	
34.332653	0.095900		34.332653	0.070333		34.332653	0.195845	
34.369102	0.095950		34.369102	0.070300		34.369102	0.195835	
34.405548	0.095883		34.405548	0.070333		34.405548	0.195828	
34.442001	0.095833		34.442001	0.070350		34.442001	0.195821	
34.478455	0.095833		34.478455	0.070333		34.478455	0.195820	
34.514900	0.095833		34.514900	0.070333		34.514900	0.195820	
34.551350	0.095917		34.551350	0.070300		34.551350	0.195824	
34.587799	0.095900		34.587799	0.070317		34.587799	0.195828	
34.624249	0.095900		34.624249	0.070350		34.624249	0.195830	
34.660698	0.095933		34.660698	0.070400		34.660698	0.195832	
34.697147	0.095817		34.697147	0.070317		34.697147	0.195826	
34.733597	0.095883		34.733597	0.070350		34.733597	0.195826	
34.770050	0.095950		34.770050	0.070317		34.770050	0.195824	
34.806503	0.095933		34.806503	0.070350		34.806503	0.195817	
34.842949	0.095883		34.842949	0.070333		34.842949	0.195818	
34.879402	0.095750		34.879402	0.070300		34.879402	0.195816	
34.915848	0.095900		34.915848	0.070317		34.915848	0.195821	
34.952297	0.095883		34.952297	0.070317		34.952297	0.195823	
34.988747	0.095867		34.988747	0.070333		34.988747	0.195820	
35.025196	0.095850		35.025196	0.070233		35.025196	0.195819	
35.061649	0.095917		35.061649	0.070300		35.061649	0.195821	
35.098103	0.095900		35.098103	0.070283		35.098103	0.195829	
35.135174	0.095950		35.135174	0.070317		35.135174	0.195838	
35.171780	0.095833		35.171780	0.070333		35.171780	0.195834	
35.208229	0.095883		35.208229	0.070317		35.208229	0.195832	
35.244678	0.095833		35.244678	0.070300		35.244678	0.195823	
35.281124	0.095867		35.281124	0.070267		35.281124	0.195820	
35.317581	0.095850		35.317581	0.070300		35.317581	0.195820	
35.354023	0.095867		35.354023	0.070300		35.354023	0.195822	
35.390476	0.095800		35.390476	0.070300		35.390476	0.195823	
35.426926	0.095867		35.426926	0.070300		35.426926	0.195820	
35.463375	0.095900		35.463375	0.070267		35.463375	0.195818	
35.499825	0.095867		35.499825	0.070283		35.499825	0.195817	
35.536278	0.095867		35.536278	0.070317		35.536278	0.195819	
35.572727	0.095917		35.572727	0.070283		35.572727	0.195823	
35.609177	0.095817		35.609177	0.070367		35.609177	0.195826	
35.645649	0.095800		35.645649	0.070333		35.645649	0.195825	
35.682072	0.095817		35.682072	0.070300		35.682072	0.195819	
35.718525	0.095850		35.718525	0.070283		35.718525	0.195816	
35.754971	0.095883		35.754971	0.070300		35.754971	0.195816	
35.791420	0.095950		35.791420	0.070317		35.791420	0.195814	
35.827869	0.095900		35.827869	0.070300		35.827869	0.195816	
35.864338	0.095867		35.864338	0.070300		35.864338	0.195823	
35.900772	0.095900		35.900772	0.070233		35.900772	0.195827	
35.937218	0.095883		35.937218	0.070300		35.937218	0.195825	
35.973671	0.095883		35.973671	0.070283		35.973671	0.195822	
36.010124	0.095917		36.010124	0.070283		36.010124	0.195821	
36.046577	0.095833		36.046577	0.070300		36.046577	0.195820	
36.083023	0.095883		36.083023	0.070300		36.083023	0.195820	
36.119469	0.095883		36.119469	0.070250		36.119469	0.195817	
36.155922	0.095900		36.155922	0.070300		36.155922	0.195813	
36.192371	0.095833		36.192371	0.070233		36.192371	0.195815	
36.228951	0.095767		36.228951	0.070233		36.228951	0.195823	
36.265530	0.095900		36.265530	0.070233		36.265530	0.195822	
36.301979	0.095817		36.301979	0.070283		36.301979	0.195818	
36.338428	0.095833		36.338428	0.070317		36.338428	0.195818	
36.374878	0.095850		36.374878	0.070250		36.374878	0.195824	
36.411335	0.095833		36.411335	0.070233		36.411335	0.195819	
36.447777	0.095833		36.447777	0.070267		36.447777	0.195817	
36.484230	0.095850		36.484230	0.070217		36.484230	0.195820	
36.520683	0.095917		36.520683	0.070300		36.520683	0.195819	
36.557129	0.095883		36.557129	0.070300		36.557129	0.195813	
36.593575	0.095817		36.593575	0.070233		36.593575	0.195809	
36.630024	0.095867		36.630024	0.070283		36.630024	0.195808	
36.666496	0.095800		36.666496	0.070267		36.666496	0.195810	
36.702927	0.095800		36.702927	0.070300		36.702927	0.195814	
36.739372	0.095883		36.739372	0.070300		36.739372	0.195815	
36.775826	0.095900		36.775826	0.070233		36.775826	0.195808	
36.812279	0.095850		36.812279	0.070267		36.812279	0.195807	
36.848724	0.095883		36.848724	0.070250		36.848724	0.195817	
36.885174	0.095800		36.885174	0.070250		36.885174	0.195820	
36.921623	0.095883		36.921623	0.070200		36.921623	0.195815	
36.958076	0.095900		36.958076	0.070300		36.958076	0.195814	
36.994522	0.095883		36.994522	0.070267		36.994522	0.195814	
37.030975	0.095833		37.030975	0.070217		37.030975	0.195816	
37.067421	0.095917		37.067421	0.070267		37.067421	0.195815	
37.103874	0.095917		37.103874	0.070267		37.103874	0.195816	
37.145885	0.095900		37.145885	0.070250		37.145885	0.195818	
37.204113	0.095883		37.204113	0.070183		37.204113	0.195817	
37.242119	0.095817		37.242119	0.070217		37.242119	0.195813	
37.278835	0.095817		37.278835	0.070233		37.278835	0.195809	
37.315296	0.095917		37.315296	0.070233		37.315296	0.195809	
37.351967	0.095867		37.351967	0.070133		37.351967	0.195815	
37.388443	0.095917		37.388443	0.070267		37.388443	0.195825	
37.424892	0.095850		37.424892	0.070217		37.424892	0.195819	
37.461342	0.095900		37.461342	0.070267		37.461342	0.195817	
37.497791	0.095883		37.497791	0.070267		37.497791	0.195819	
37.534245	0.095933		37.534245	0.070217		37.534245	0.195821	
37.570690	0.095933		37.570690	0.070167		37.570690	0.195813	
37.607136	0.095917		37.607136	0.070283		37.607136	0.195812	
37.643589	0.095900		37.643589	0.070200		37.643589	0.195806	
37.680042	0.095833		37.680042	0.070200		37.680042	0.195807	
37.716488	0.095867		37.716488	0.070267		37.716488	0.195807	
37.752941	0.095900		37.752941	0.070283		37.752941	0.195809	
37.789387	0.095833		37.789387	0.070133		37.789387	0.195809	
37.825840	0.095900		37.825840	0.070250		37.825840	0.195809	
37.862289	0.095867		37.862289	0.070217		37.862289	0.195813	
37.898735	0.095833		37.898735	0.070217		37.898735	0.195820	
37.935184	0.095833		37.935184	0.070200		37.935184	0.195829	
37.971642	0.095817		37.971642	0.070250		37.971642	0.195817	
