0.017319	0.096383		0.017319	0.072033		0.017319	0.195814	
0.053756	0.096267		0.053756	0.072167		0.053756	0.195805	
0.090204	0.096350		0.090204	0.072233		0.090204	0.195803	
0.126656	0.096350		0.126656	0.072317		0.126656	0.195803	
0.163107	0.096367		0.163107	0.072367		0.163107	0.195807	
0.199555	0.096433		0.199555	0.072467		0.199555	0.195808	
0.236006	0.096367		0.236006	0.072417		0.236006	0.195809	
0.272455	0.096400		0.272455	0.072433		0.272455	0.195813	
0.308918	0.096367		0.308918	0.072583		0.308918	0.195813	
0.345356	0.096333		0.345356	0.072617		0.345356	0.195807	
0.381802	0.096333		0.381802	0.072567		0.381802	0.195804	
0.418254	0.096433		0.418254	0.072617		0.418254	0.195808	
0.454703	0.096367		0.454703	0.072633		0.454703	0.195814	
0.491153	0.096350		0.491153	0.072633		0.491153	0.195812	
0.527603	0.096367		0.527603	0.072650		0.527603	0.195809	
0.564053	0.096367		0.564053	0.072650		0.564053	0.195812	
0.600503	0.096367		0.600503	0.072700		0.600503	0.195813	
0.637017	0.096433		0.637017	0.072683		0.637017	0.195815	
0.674078	0.096383		0.674078	0.072667		0.674078	0.195815	
0.710633	0.096400		0.710633	0.072683		0.710633	0.195811	
0.747083	0.096417		0.747083	0.072733		0.747083	0.195802	
0.783531	0.096433		0.783531	0.072683		0.783531	0.195806	
0.819982	0.096467		0.819982	0.072700		0.819982	0.195809	
0.856431	0.096417		0.856431	0.072767		0.856431	0.195805	
0.892881	0.096400		0.892881	0.072733		0.892881	0.195805	
0.929331	0.096433		0.929331	0.072733		0.929331	0.195808	
0.965781	0.096417		0.965781	0.072767		0.965781	0.195802	
1.002231	0.096450		1.002231	0.072767		1.002231	0.195799	
1.038679	0.096417		1.038679	0.072767		1.038679	0.195802	
1.075129	0.096467		1.075129	0.072783		1.075129	0.195811	
1.111578	0.096417		1.111578	0.072817		1.111578	0.195809	
1.148028	0.096433		1.148028	0.072817		1.148028	0.195805	
1.184478	0.096400		1.184478	0.072783		1.184478	0.195805	
1.220928	0.096367		1.220928	0.072817		1.220928	0.195801	
1.257378	0.096417		1.257378	0.072817		1.257378	0.195794	
1.293827	0.096467		1.293827	0.072817		1.293827	0.195787	
1.330277	0.096450		1.330277	0.072833		1.330277	0.195787	
1.366728	0.096400		1.366728	0.072767		1.366728	0.195791	
1.403176	0.096383		1.403176	0.072800		1.403176	0.195802	
1.439627	0.096400		1.439627	0.072833		1.439627	0.195808	
1.476077	0.096400		1.476077	0.072783		1.476077	0.195805	
1.512539	0.096450		1.512539	0.072733		1.512539	0.195804	
1.548977	0.096433		1.548977	0.072800		1.548977	0.195805	
1.585425	0.096417		1.585425	0.072700		1.585425	0.195810	
1.621875	0.096433		1.621875	0.072683		1.621875	0.195809	
1.658326	0.096400		1.658326	0.072667		1.658326	0.195811	
1.694775	0.096367		1.694775	0.072667		1.694775	0.195810	
1.731225	0.096317		1.731225	0.072650		1.731225	0.195811	
1.768131	0.096400		1.768131	0.072633		1.768131	0.195812	
1.804645	0.096367		1.804645	0.072600		1.804645	0.195808	
1.841094	0.096433		1.841094	0.072583		1.841094	0.195810	
1.877543	0.096333		1.877543	0.072583		1.877543	0.195812	
1.913994	0.096367		1.913994	0.072550		1.913994	0.195809	
1.950441	0.096367		1.950441	0.072550		1.950441	0.195803	
1.986893	0.096400		1.986893	0.072483		1.986893	0.195794	
2.023343	0.096317		2.023343	0.072467		2.023343	0.195789	
2.059793	0.096333		2.059793	0.072467		2.059793	0.195791	
2.096242	0.096367		2.096242	0.072450		2.096242	0.195812	
2.132693	0.096333		2.132693	0.072417		2.132693	0.195818	
2.169142	0.096300		2.169142	0.072417		2.169142	0.195812	
2.205593	0.096300		2.205593	0.072350		2.205593	0.195813	
2.242042	0.096333		2.242042	0.072317		2.242042	0.195812	
2.278492	0.096267		2.278492	0.072317		2.278492	0.195809	
2.314940	0.096300		2.314940	0.072333		2.314940	0.195799	
2.351390	0.096317		2.351390	0.072283		2.351390	0.195802	
2.387842	0.096350		2.387842	0.072283		2.387842	0.195807	
2.424289	0.096317		2.424289	0.072283		2.424289	0.195816	
2.460740	0.096350		2.460740	0.072250		2.460740	0.195811	
2.497190	0.096283		2.497190	0.072100		2.497190	0.195809	
2.533641	0.096300		2.533641	0.072133		2.533641	0.195811	
2.570088	0.096317		2.570088	0.072050		2.570088	0.195814	
2.606539	0.096283		2.606539	0.072050		2.606539	0.195812	
2.642989	0.096300		2.642989	0.072000		2.642989	0.195810	
2.679438	0.096283		2.679438	0.072083		2.679438	0.195809	
2.715900	0.096333		2.715900	0.072000		2.715900	0.195808	
2.752337	0.096217		2.752337	0.072017		2.752337	0.195805	
2.788787	0.096300		2.788787	0.072017		2.788787	0.195800	
2.825238	0.096267		2.825238	0.072000		2.825238	0.195802	
2.862260	0.096250		2.862260	0.071967		2.862260	0.195802	
2.899177	0.096250		2.899177	0.071917		2.899177	0.195811	
2.935627	0.096250		2.935627	0.071917		2.935627	0.195816	
2.972078	0.096150		2.972078	0.071817		2.972078	0.195810	
3.008528	0.096200		3.008528	0.071900		3.008528	0.195804	
3.044976	0.096250		3.044976	0.071700		3.044976	0.195807	
3.081428	0.096300		3.081428	0.071750		3.081428	0.195810	
3.117876	0.096267		3.117876	0.071667		3.117876	0.195805	
3.154328	0.096250		3.154328	0.071750		3.154328	0.195807	
3.190776	0.096217		3.190776	0.071700		3.190776	0.195810	
3.227226	0.096150		3.227226	0.071667		3.227226	0.195813	
3.263675	0.096200		3.263675	0.071667		3.263675	0.195809	
3.300124	0.096183		3.300124	0.071567		3.300124	0.195809	
3.336574	0.096167		3.336574	0.071667		3.336574	0.195808	
3.373025	0.096267		3.373025	0.071533		3.373025	0.195806	
3.409474	0.096167		3.409474	0.071433		3.409474	0.195806	
3.445924	0.096100		3.445924	0.071500		3.445924	0.195807	
3.482375	0.096167		3.482375	0.071233		3.482375	0.195815	
3.518822	0.096133		3.518822	0.071367		3.518822	0.195811	
3.555274	0.096150		3.555274	0.071200		3.555274	0.195806	
3.591722	0.096117		3.591722	0.071333		3.591722	0.195806	
3.628173	0.096233		3.628173	0.071200		3.628173	0.195808	
3.664621	0.096100		3.664621	0.071100		3.664621	0.195810	
3.701073	0.096117		3.701073	0.071033		3.701073	0.195815	
3.737522	0.096100		3.737522	0.071033		3.737522	0.195820	
3.773971	0.096117		3.773971	0.071000		3.773971	0.195813	
3.810421	0.096083		3.810421	0.071050		3.810421	0.195811	
3.846871	0.096067		3.846871	0.070983		3.846871	0.195811	
3.883320	0.096100		3.883320	0.070983		3.883320	0.195813	
3.919771	0.096083		3.919771	0.070900		3.919771	0.195812	
3.956494	0.096083		3.956494	0.070967		3.956494	0.195804	
3.993711	0.096083		3.993711	0.070983		3.993711	0.195803	
4.030161	0.096117		4.030161	0.070900		4.030161	0.195804	
4.066610	0.096083		4.066610	0.070867		4.066610	0.195807	
4.103061	0.096050		4.103061	0.070850		4.103061	0.195810	
4.139511	0.096000		4.139511	0.070800		4.139511	0.195806	
4.175960	0.096067		4.175960	0.070750		4.175960	0.195802	
4.212410	0.096117		4.212410	0.070733		4.212410	0.195804	
4.248861	0.096033		4.248861	0.070717		4.248861	0.195808	
4.285309	0.096017		4.285309	0.070733		4.285309	0.195808	
4.321759	0.096083		4.321759	0.070700		4.321759	0.195804	
4.358209	0.096083		4.358209	0.070667		4.358209	0.195802	
4.394659	0.096100		4.394659	0.070683		4.394659	0.195801	
4.431109	0.096100		4.431109	0.070650		4.431109	0.195807	
4.467559	0.096017		4.467559	0.070667		4.467559	0.195806	
4.504006	0.095983		4.504006	0.070667		4.504006	0.195804	
4.540458	0.095983		4.540458	0.070633		4.540458	0.195801	
4.576907	0.096050		4.576907	0.070600		4.576907	0.195802	
4.613358	0.095967		4.613358	0.070583		4.613358	0.195808	
4.649805	0.096000		4.649805	0.070633		4.649805	0.195812	
4.686256	0.096000		4.686256	0.070617		4.686256	0.195811	
4.722706	0.096017		4.722706	0.070533		4.722706	0.195806	
4.759155	0.096083		4.759155	0.070567		4.759155	0.195799	
4.795606	0.096017		4.795606	0.070517		4.795606	0.195797	
4.832068	0.096017		4.832068	0.070517		4.832068	0.195801	
4.868506	0.095983		4.868506	0.070517		4.868506	0.195811	
4.904953	0.096017		4.904953	0.070500		4.904953	0.195812	
4.941402	0.095983		4.941402	0.070417		4.941402	0.195812	
4.977854	0.095983		4.977854	0.070383		4.977854	0.195819	
5.014304	0.095983		5.014304	0.070350		5.014304	0.195823	
5.050779	0.095967		5.050779	0.070383		5.050779	0.195810	
5.087957	0.096017		5.087957	0.070400		5.087957	0.195806	
5.124433	0.095967		5.124433	0.070333		5.124433	0.195812	
5.160883	0.096000		5.160883	0.070333		5.160883	0.195821	
5.197332	0.095950		5.197332	0.070367		5.197332	0.195818	
5.233783	0.095933		5.233783	0.070317		5.233783	0.195817	
5.270233	0.095983		5.270233	0.070333		5.270233	0.195815	
5.306683	0.095917		5.306683	0.070383		5.306683	0.195809	
5.343131	0.095983		5.343131	0.070333		5.343131	0.195810	
5.379582	0.095917		5.379582	0.070300		5.379582	0.195812	
5.416031	0.095967		5.416031	0.070300		5.416031	0.195816	
5.452480	0.095967		5.452480	0.070250		5.452480	0.195807	
5.488930	0.095983		5.488930	0.070267		5.488930	0.195803	
5.525382	0.095983		5.525382	0.070250		5.525382	0.195804	
5.561831	0.095950		5.561831	0.070283		5.561831	0.195809	
5.598280	0.095950		5.598280	0.070167		5.598280	0.195815	
5.634729	0.095983		5.634729	0.070200		5.634729	0.195809	
5.671180	0.095967		5.671180	0.070250		5.671180	0.195805	
5.707629	0.095950		5.707629	0.070117		5.707629	0.195804	
5.744081	0.095983		5.744081	0.070150		5.744081	0.195801	
5.780529	0.095967		5.780529	0.070083		5.780529	0.195793	
5.816978	0.095933		5.816978	0.070067		5.816978	0.195792	
5.853429	0.095950		5.853429	0.070067		5.853429	0.195796	
5.889877	0.095933		5.889877	0.070150		5.889877	0.195809	
5.926326	0.095967		5.926326	0.070017		5.926326	0.195813	
5.962778	0.095950		5.962778	0.070050		5.962778	0.195812	
5.999227	0.095983		5.999227	0.070050		5.999227	0.195811	
6.035678	0.095900		6.035678	0.070017		6.035678	0.195809	
6.072126	0.095967		6.072126	0.070067		6.072126	0.195807	
6.108575	0.095900		6.108575	0.070050		6.108575	0.195807	
6.145026	0.095917		6.145026	0.070067		6.145026	0.195811	
6.181919	0.095933		6.181919	0.070000		6.181919	0.195811	
6.218448	0.095983		6.218448	0.070000		6.218448	0.195810	
6.254895	0.095850		6.254895	0.070000		6.254895	0.195810	
6.291346	0.095933		6.291346	0.070000		6.291346	0.195809	
6.327796	0.095883		6.327796	0.070017		6.327796	0.195801	
6.364246	0.095867		6.364246	0.069967		6.364246	0.195801	
6.400695	0.095967		6.400695	0.070000		6.400695	0.195803	
6.437145	0.095917		6.437145	0.069983		6.437145	0.195805	
6.473595	0.095917		6.473595	0.069967		6.473595	0.195806	
6.510045	0.095917		6.510045	0.070000		6.510045	0.195799	
6.546495	0.095933		6.546495	0.069933		6.546495	0.195799	
6.582955	0.095917		6.582955	0.069950		6.582955	0.195807	
6.619393	0.095967		6.619393	0.069983		6.619393	0.195812	
6.655843	0.095833		6.655843	0.069900		6.655843	0.195809	
6.692294	0.095900		6.692294	0.069917		6.692294	0.195810	
6.728743	0.095933		6.728743	0.069933		6.728743	0.195811	
6.765193	0.095883		6.765193	0.069900		6.765193	0.195803	
6.801641	0.095983		6.801641	0.069950		6.801641	0.195801	
6.838092	0.095850		6.838092	0.069950		6.838092	0.195803	
6.874542	0.095933		6.874542	0.069933		6.874542	0.195806	
6.910990	0.095867		6.910990	0.069867		6.910990	0.195808	
6.947442	0.095850		6.947442	0.069867		6.947442	0.195804	
6.983891	0.095883		6.983891	0.069817		6.983891	0.195801	
7.020340	0.095817		7.020340	0.069850		7.020340	0.195802	
7.056790	0.095933		7.056790	0.069883		7.056790	0.195806	
7.093241	0.095917		7.093241	0.069817		7.093241	0.195798	
7.129690	0.095867		7.129690	0.069883		7.129690	0.195797	
7.166139	0.095917		7.166139	0.069783		7.166139	0.195800	
7.202589	0.095933		7.202589	0.069900		7.202589	0.195812	
7.239037	0.095850		7.239037	0.069750		7.239037	0.195812	
7.275933	0.095900		7.275933	0.069783		7.275933	0.195805	
7.312720	0.095933		7.312720	0.069850		7.312720	0.195799	
7.349170	0.095883		7.349170	0.069783		7.349170	0.195799	
7.385619	0.095950		7.385619	0.069783		7.385619	0.195798	
7.422068	0.095850		7.422068	0.069817		7.422068	0.195803	
7.458518	0.095850		7.458518	0.069733		7.458518	0.195807	
7.494967	0.095800		7.494967	0.069850		7.494967	0.195795	
7.531415	0.095883		7.531415	0.069733		7.531415	0.195794	
7.567865	0.095933		7.567865	0.069717		7.567865	0.195795	
7.604317	0.095833		7.604317	0.069750		7.604317	0.195804	
7.640765	0.095883		7.640765	0.069750		7.640765	0.195799	
7.677215	0.095883		7.677215	0.069800		7.677215	0.195798	
7.713668	0.095850		7.713668	0.069733		7.713668	0.195798	
7.750116	0.095800		7.750116	0.069717		7.750116	0.195793	
7.786565	0.095867		7.786565	0.069700		7.786565	0.195792	
7.823015	0.095833		7.823015	0.069683		7.823015	0.195796	
7.859464	0.095933		7.859464	0.069667		7.859464	0.195796	
7.895915	0.095883		7.895915	0.069667		7.895915	0.195794	
7.932365	0.095833		7.932365	0.069683		7.932365	0.195795	
7.968815	0.095800		7.968815	0.069683		7.968815	0.195801	
8.005264	0.095883		8.005264	0.069683		8.005264	0.195804	
8.041715	0.095883		8.041715	0.069667		8.041715	0.195803	
8.078163	0.095850		8.078163	0.069733		8.078163	0.195804	
8.114614	0.095817		8.114614	0.069650		8.114614	0.195809	
8.151064	0.095817		8.151064	0.069667		8.151064	0.195812	
8.187514	0.095833		8.187514	0.069650		8.187514	0.195811	
8.223962	0.095800		8.223962	0.069683		8.223962	0.195812	
8.260411	0.095833		8.260411	0.069650		8.260411	0.195809	
8.296864	0.095733		8.296864	0.069667		8.296864	0.195803	
8.333312	0.095833		8.333312	0.069650		8.333312	0.195801	
8.369826	0.095867		8.369826	0.069650		8.369826	0.195800	
8.406470	0.095817		8.406470	0.069633		8.406470	0.195801	
8.442921	0.095783		8.442921	0.069683		8.442921	0.195807	
8.479372	0.095883		8.479372	0.069650		8.479372	0.195806	
8.515821	0.095767		8.515821	0.069667		8.515821	0.195803	
8.552270	0.095800		8.552270	0.069667		8.552270	0.195800	
8.588720	0.095833		8.588720	0.069633		8.588720	0.195798	
8.625170	0.095833		8.625170	0.069633		8.625170	0.195798	
8.661619	0.095817		8.661619	0.069650		8.661619	0.195805	
8.698070	0.095800		8.698070	0.069683		8.698070	0.195808	
8.734517	0.095817		8.734517	0.069617		8.734517	0.195810	
8.770968	0.095783		8.770968	0.069617		8.770968	0.195807	
8.807417	0.095833		8.807417	0.069650		8.807417	0.195800	
8.843867	0.095750		8.843867	0.069650		8.843867	0.195796	
8.880317	0.095883		8.880317	0.069600		8.880317	0.195797	
8.916767	0.095767		8.916767	0.069617		8.916767	0.195806	
8.953218	0.095750		8.953218	0.069567		8.953218	0.195803	
8.989666	0.095783		8.989666	0.069633		8.989666	0.195790	
9.026116	0.095717		9.026116	0.069583		9.026116	0.195790	
9.062565	0.095783		9.062565	0.069533		9.062565	0.195798	
9.099015	0.095800		9.099015	0.069650		9.099015	0.195797	
9.135465	0.095783		9.135465	0.069617		9.135465	0.195797	
9.171913	0.095850		9.171913	0.069550		9.171913	0.195799	
9.208364	0.095800		9.208364	0.069567		9.208364	0.195802	
9.244814	0.095750		9.244814	0.069583		9.244814	0.195801	
9.281265	0.095833		9.281265	0.069550		9.281265	0.195797	
9.317714	0.095800		9.317714	0.069650		9.317714	0.195796	
9.354164	0.095900		9.354164	0.069600		9.354164	0.195802	
9.390613	0.095817		9.390613	0.069650		9.390613	0.195807	
9.427065	0.095750		9.427065	0.069583		9.427065	0.195806	
9.463632	0.095767		9.463632	0.069633		9.463632	0.195805	
9.500744	0.095783		9.500744	0.069550		9.500744	0.195800	
9.537194	0.095783		9.537194	0.069483		9.537194	0.195796	
9.573645	0.095833		9.573645	0.069600		9.573645	0.195798	
9.610094	0.095767		9.610094	0.069583		9.610094	0.195802	
9.646555	0.095733		9.646555	0.069567		9.646555	0.195806	
9.682993	0.095783		9.682993	0.069533		9.682993	0.195806	
9.719443	0.095850		9.719443	0.069617		9.719443	0.195808	
9.755894	0.095883		9.755894	0.069450		9.755894	0.195809	
9.792342	0.095833		9.792342	0.069517		9.792342	0.195813	
9.828793	0.095883		9.828793	0.069550		9.828793	0.195808	
9.865242	0.095817		9.865242	0.069583		9.865242	0.195807	
9.901691	0.095783		9.901691	0.069533		9.901691	0.195797	
9.938140	0.095783		9.938140	0.069567		9.938140	0.195802	
9.974589	0.095733		9.974589	0.069517		9.974589	0.195808	
10.011040	0.095800		10.011040	0.069467		10.011040	0.195812	
10.047490	0.095767		10.047490	0.069500		10.047490	0.195809	
10.083940	0.095833		10.083940	0.069417		10.083940	0.195810	
10.120389	0.095867		10.120389	0.069517		10.120389	0.195812	
10.156839	0.095900		10.156839	0.069483		10.156839	0.195812	
10.193291	0.095817		10.193291	0.069500		10.193291	0.195809	
10.229740	0.095700		10.229740	0.069450		10.229740	0.195809	
10.266189	0.095750		10.266189	0.069517		10.266189	0.195809	
10.302639	0.095783		10.302639	0.069450		10.302639	0.195810	
10.339087	0.095733		10.339087	0.069450		10.339087	0.195811	
10.375537	0.095800		10.375537	0.069500		10.375537	0.195806	
10.411986	0.095750		10.411986	0.069533		10.411986	0.195806	
10.448451	0.095767		10.448451	0.069467		10.448451	0.195806	
10.484886	0.095850		10.484886	0.069433		10.484886	0.195804	
10.521336	0.095783		10.521336	0.069467		10.521336	0.195804	
10.557786	0.095783		10.557786	0.069450		10.557786	0.195804	
10.594886	0.095783		10.594886	0.069417		10.594886	0.195808	
10.631467	0.095833		10.631467	0.069500		10.631467	0.195811	
10.667916	0.095733		10.667916	0.069433		10.667916	0.195806	
10.704366	0.095867		10.704366	0.069467		10.704366	0.195804	
10.740816	0.095767		10.740816	0.069400		10.740816	0.195808	
10.777266	0.095750		10.777266	0.069367		10.777266	0.195812	
10.813716	0.095817		10.813716	0.069417		10.813716	0.195803	
10.850164	0.095750		10.850164	0.069450		10.850164	0.195803	
10.886615	0.095700		10.886615	0.069517		10.886615	0.195804	
10.923065	0.095733		10.923065	0.069417		10.923065	0.195795	
10.959513	0.095817		10.959513	0.069433		10.959513	0.195794	
10.995964	0.095833		10.995964	0.069467		10.995964	0.195795	
11.032414	0.095783		11.032414	0.069500		11.032414	0.195804	
11.068864	0.095767		11.068864	0.069550		11.068864	0.195806	
11.105313	0.095767		11.105313	0.069633		11.105313	0.195805	
11.141788	0.095850		11.141788	0.069950		11.141788	0.195803	
11.178211	0.095983		11.178211	0.070367		11.178211	0.195803	
11.214662	0.096100		11.214662	0.070917		11.214662	0.195801	
11.251112	0.096183		11.251112	0.071850		11.251112	0.195812	
11.287561	0.096350		11.287561	0.072550		11.287561	0.195819	
11.324013	0.096500		11.324013	0.073133		11.324013	0.195809	
11.360462	0.096600		11.360462	0.073883		11.360462	0.195808	
11.396910	0.096717		11.396910	0.074567		11.396910	0.195809	
11.433360	0.096833		11.433360	0.075183		11.433360	0.195814	
11.469813	0.096933		11.469813	0.075833		11.469813	0.195816	
11.506260	0.097033		11.506260	0.076400		11.506260	0.195804	
11.542710	0.097067		11.542710	0.077233		11.542710	0.195790	
11.579160	0.097317		11.579160	0.077783		11.579160	0.195788	
11.615609	0.097350		11.615609	0.078400		11.615609	0.195795	
11.652060	0.097500		11.652060	0.079200		11.652060	0.195804	
11.688820	0.097583		11.688820	0.080150		11.688820	0.195807	
11.725480	0.097717		11.725480	0.080917		11.725480	0.195804	
11.761942	0.098233		11.761942	0.082050		11.761942	0.195803	
11.798378	0.098450		11.798378	0.083200		11.798378	0.195805	
11.834828	0.098750		11.834828	0.084400		11.834828	0.195813	
11.871279	0.098967		11.871279	0.086000		11.871279	0.195817	
11.907727	0.099367		11.907727	0.087683		11.907727	0.195816	
11.944177	0.099567		11.944177	0.089483		11.944177	0.195816	
11.980629	0.100017		11.980629	0.091533		11.980629	0.195819	
12.017077	0.100483		12.017077	0.093867		12.017077	0.195827	
12.053541	0.101133		12.053541	0.096317		12.053541	0.195826	
12.089976	0.101667		12.089976	0.099117		12.089976	0.195824	
12.126428	0.102250		12.126428	0.102283		12.126428	0.195824	
12.162888	0.102817		12.162888	0.105517		12.162888	0.195824	
12.199326	0.103600		12.199326	0.109017		12.199326	0.195827	
12.235775	0.104450		12.235775	0.113217		12.235775	0.195830	
12.272226	0.105200		12.272226	0.117533		12.272226	0.195835	
12.308674	0.106283		12.308674	0.122033		12.308674	0.195841	
12.345125	0.107183		12.345125	0.127183		12.345125	0.195846	
12.381573	0.108167		12.381573	0.132717		12.381573	0.195846	
12.418023	0.109483		12.418023	0.138400		12.418023	0.195844	
12.454474	0.110550		12.454474	0.144517		12.454474	0.195846	
12.490924	0.112017		12.490924	0.150917		12.490924	0.195860	
12.527369	0.113183		12.527369	0.157917		12.527369	0.195869	
12.563822	0.114700		12.563822	0.165050		12.563822	0.195871	
12.600274	0.116033		12.600274	0.172350		12.600274	0.195875	
12.636724	0.117767		12.636724	0.180083		12.636724	0.195880	
12.673172	0.119133		12.673172	0.187917		12.673172	0.195887	
12.709647	0.120833		12.709647	0.196067		12.709647	0.195888	
12.746072	0.122450		12.746072	0.204350		12.746072	0.195890	
12.782784	0.124100		12.782784	0.212817		12.782784	0.195892	
12.819752	0.125883		12.819752	0.221333		12.819752	0.195895	
12.856200	0.127700		12.856200	0.230017		12.856200	0.195907	
12.892652	0.129333		12.892652	0.238433		12.892652	0.195916	
12.929101	0.130983		12.929101	0.246650		12.929101	0.195922	
12.965550	0.132667		12.965550	0.255000		12.965550	0.195925	
13.002001	0.134133		13.002001	0.263067		13.002001	0.195930	
13.038449	0.135800		13.038449	0.270833		13.038449	0.195930	
13.074900	0.137183		13.074900	0.278283		13.074900	0.195939	
13.111349	0.138733		13.111349	0.285250		13.111349	0.195949	
13.147799	0.139883		13.147799	0.291700		13.147799	0.195952	
13.184249	0.141317		13.184249	0.297683		13.184249	0.195942	
13.220699	0.142250		13.220699	0.303117		13.220699	0.195941	
13.257150	0.143417		13.257150	0.308167		13.257150	0.195941	
13.293598	0.144167		13.293598	0.312317		13.293598	0.195945	
13.330062	0.144800		13.330062	0.316033		13.330062	0.195956	
13.366497	0.145500		13.366497	0.319150		13.366497	0.195950	
13.402946	0.146133		13.402946	0.321500		13.402946	0.195946	
13.439398	0.146417		13.439398	0.323267		13.439398	0.195941	
13.475846	0.146583		13.475846	0.324200		13.475846	0.195941	
13.512297	0.146683		13.512297	0.324633		13.512297	0.195940	
13.548747	0.146550		13.548747	0.324217		13.548747	0.195942	
13.585197	0.146483		13.585197	0.323383		13.585197	0.195934	
13.621647	0.146133		13.621647	0.321717		13.621647	0.195928	
13.658095	0.145583		13.658095	0.319617		13.658095	0.195923	
13.694546	0.145000		13.694546	0.316800		13.694546	0.195925	
13.730997	0.144417		13.730997	0.313550		13.730997	0.195928	
13.767457	0.143767		13.767457	0.309917		13.767457	0.195928	
13.803894	0.142667		13.803894	0.305683		13.803894	0.195925	
13.840357	0.141900		13.840357	0.301183		13.840357	0.195918	
13.876951	0.141067		13.876951	0.296483		13.876951	0.195913	
13.914024	0.139833		13.914024	0.291117		13.914024	0.195913	
13.950475	0.138817		13.950475	0.285700		13.950475	0.195909	
13.986924	0.137633		13.986924	0.279900		13.986924	0.195906	
14.023376	0.136467		14.023376	0.274083		14.023376	0.195901	
14.059826	0.135233		14.059826	0.268083		14.059826	0.195891	
14.096287	0.134017		14.096287	0.262183		14.096287	0.195879	
14.132723	0.132900		14.132723	0.256083		14.132723	0.195880	
14.169186	0.131533		14.169186	0.249867		14.169186	0.195880	
14.205622	0.130483		14.205622	0.243767		14.205622	0.195876	
14.242071	0.129150		14.242071	0.237783		14.242071	0.195874	
14.278534	0.128017		14.278534	0.231717		14.278534	0.195870	
14.314971	0.126817		14.314971	0.225683		14.314971	0.195870	
14.351420	0.125617		14.351420	0.219783		14.351420	0.195870	
14.387871	0.124333		14.387871	0.213983		14.387871	0.195866	
14.424322	0.123300		14.424322	0.208250		14.424322	0.195862	
14.460771	0.122167		14.460771	0.202783		14.460771	0.195860	
14.497221	0.121067		14.497221	0.197417		14.497221	0.195859	
14.533670	0.120117		14.533670	0.192200		14.533670	0.195858	
14.570120	0.118867		14.570120	0.186950		14.570120	0.195853	
14.606569	0.118017		14.606569	0.181950		14.606569	0.195842	
14.643018	0.117150		14.643018	0.177217		14.643018	0.195840	
14.679466	0.116050		14.679466	0.172667		14.679466	0.195840	
14.715918	0.115300		14.715918	0.168100		14.715918	0.195842	
14.752368	0.114533		14.752368	0.163733		14.752368	0.195836	
14.788817	0.113433		14.788817	0.159433		14.788817	0.195835	
14.825266	0.112800		14.825266	0.155417		14.825266	0.195836	
14.861717	0.112117		14.861717	0.151533		14.861717	0.195834	
14.898170	0.111300		14.898170	0.147833		14.898170	0.195828	
14.934618	0.110550		14.934618	0.144283		14.934618	0.195829	
14.971133	0.109900		14.971133	0.140950		14.971133	0.195831	
15.008482	0.109367		15.008482	0.137700		15.008482	0.195819	
15.045009	0.108650		15.045009	0.134600		15.045009	0.195817	
15.081457	0.107933		15.081457	0.131783		15.081457	0.195818	
15.117907	0.107500		15.117907	0.128883		15.117907	0.195819	
15.154355	0.107067		15.154355	0.126250		15.154355	0.195816	
15.190806	0.106600		15.190806	0.123733		15.190806	0.195817	
15.227256	0.106233		15.227256	0.121450		15.227256	0.195817	
15.263705	0.105517		15.263705	0.119200		15.263705	0.195825	
15.300154	0.105117		15.300154	0.117133		15.300154	0.195827	
15.336604	0.104750		15.336604	0.115100		15.336604	0.195828	
15.373055	0.104383		15.373055	0.113083		15.373055	0.195833	
15.409504	0.104117		15.409504	0.111317		15.409504	0.195825	
15.445955	0.103683		15.445955	0.109567		15.445955	0.195813	
15.482405	0.103267		15.482405	0.107683		15.482405	0.195810	
15.518855	0.102883		15.518855	0.106450		15.518855	0.195815	
15.555304	0.102667		15.555304	0.104867		15.555304	0.195827	
15.591753	0.102400		15.591753	0.103467		15.591753	0.195826	
15.628203	0.102217		15.628203	0.102100		15.628203	0.195814	
15.664652	0.101967		15.664652	0.100967		15.664652	0.195814	
15.701103	0.101683		15.701103	0.099583		15.701103	0.195818	
15.737552	0.101517		15.737552	0.098600		15.737552	0.195821	
15.774002	0.101317		15.774002	0.097400		15.774002	0.195815	
15.810451	0.101083		15.810451	0.096317		15.810451	0.195808	
15.846902	0.100983		15.846902	0.095517		15.846902	0.195808	
15.883353	0.100600		15.883353	0.094400		15.883353	0.195810	
15.919802	0.100300		15.919802	0.093633		15.919802	0.195819	
15.956264	0.100167		15.956264	0.092850		15.956264	0.195823	
15.992702	0.100000		15.992702	0.091867		15.992702	0.195821	
16.029148	0.099983		16.029148	0.091267		16.029148	0.195819	
16.065598	0.099850		16.065598	0.090633		16.065598	0.195819	
16.102598	0.099700		16.102598	0.089817		16.102598	0.195809	
16.139280	0.099567		16.139280	0.089133		16.139280	0.195803	
16.175730	0.099517		16.175730	0.088583		16.175730	0.195801	
16.212181	0.099417		16.212181	0.088033		16.212181	0.195809	
16.248631	0.099267		16.248631	0.087517		16.248631	0.195817	
16.285080	0.099150		16.285080	0.086817		16.285080	0.195815	
16.321529	0.099067		16.321529	0.086483		16.321529	0.195806	
16.357981	0.099017		16.357981	0.086100		16.357981	0.195806	
16.394428	0.099017		16.394428	0.085817		16.394428	0.195810	
16.430878	0.098900		16.430878	0.085500		16.430878	0.195809	
16.467327	0.098783		16.467327	0.085200		16.467327	0.195810	
16.503778	0.098800		16.503778	0.085000		16.503778	0.195816	
16.540239	0.098733		16.540239	0.084567		16.540239	0.195811	
16.576675	0.098733		16.576675	0.084250		16.576675	0.195806	
16.613127	0.098683		16.613127	0.084067		16.613127	0.195811	
16.649574	0.098733		16.649574	0.083967		16.649574	0.195817	
16.686028	0.098617		16.686028	0.083833		16.686028	0.195810	
16.722477	0.098600		16.722477	0.083733		16.722477	0.195805	
16.758928	0.098550		16.758928	0.083600		16.758928	0.195806	
16.795378	0.098533		16.795378	0.083550		16.795378	0.195810	
16.831825	0.098500		16.831825	0.083433		16.831825	0.195811	
16.868273	0.098533		16.868273	0.083350		16.868273	0.195807	
16.904722	0.098517		16.904722	0.083333		16.904722	0.195808	
16.941174	0.098500		16.941174	0.083317		16.941174	0.195813	
16.977623	0.098467		16.977623	0.083300		16.977623	0.195815	
17.014072	0.098450		17.014072	0.083233		17.014072	0.195813	
17.050522	0.098483		17.050522	0.083100		17.050522	0.195813	
17.086971	0.098500		17.086971	0.083133		17.086971	0.195814	
17.123425	0.098467		17.123425	0.083150		17.123425	0.195814	
17.159872	0.098467		17.159872	0.083100		17.159872	0.195815	
17.196621	0.098417		17.196621	0.083117		17.196621	0.195818	
17.233551	0.098467		17.233551	0.083083		17.233551	0.195816	
17.270004	0.098500		17.270004	0.083117		17.270004	0.195811	
17.306454	0.098417		17.306454	0.083200		17.306454	0.195811	
17.342905	0.098483		17.342905	0.083133		17.342905	0.195815	
17.379353	0.098533		17.379353	0.083233		17.379353	0.195820	
17.415804	0.098467		17.415804	0.083233		17.415804	0.195821	
17.452253	0.098567		17.452253	0.083300		17.452253	0.195818	
17.488703	0.098583		17.488703	0.083383		17.488703	0.195816	
17.525150	0.098567		17.525150	0.083350		17.525150	0.195816	
17.561604	0.098483		17.561604	0.083350		17.561604	0.195824	
17.598051	0.098583		17.598051	0.083417		17.598051	0.195818	
17.634501	0.098600		17.634501	0.083550		17.634501	0.195809	
17.670950	0.098633		17.670950	0.083667		17.670950	0.195806	
17.707401	0.098633		17.707401	0.083750		17.707401	0.195808	
17.743849	0.098700		17.743849	0.083867		17.743849	0.195809	
17.780298	0.098617		17.780298	0.083967		17.780298	0.195808	
17.816746	0.098683		17.816746	0.084083		17.816746	0.195809	
17.853210	0.098800		17.853210	0.084283		17.853210	0.195816	
17.889647	0.098817		17.889647	0.084667		17.889647	0.195816	
17.926098	0.098783		17.926098	0.084967		17.926098	0.195815	
17.962547	0.098800		17.962547	0.085250		17.962547	0.195818	
17.998999	0.098850		17.998999	0.085467		17.998999	0.195815	
18.035446	0.098983		18.035446	0.085783		18.035446	0.195814	
18.071896	0.099000		18.071896	0.086067		18.071896	0.195821	
18.108345	0.099100		18.108345	0.086333		18.108345	0.195819	
18.144794	0.099183		18.144794	0.086567		18.144794	0.195809	
18.181244	0.099233		18.181244	0.086917		18.181244	0.195808	
18.217709	0.099250		18.217709	0.087500		18.217709	0.195809	
18.254147	0.099383		18.254147	0.088017		18.254147	0.195815	
18.290674	0.099417		18.290674	0.088333		18.290674	0.195810	
18.327568	0.099550		18.327568	0.088650		18.327568	0.195810	
18.364017	0.099600		18.364017	0.089033		18.364017	0.195812	
18.400463	0.099650		18.400463	0.089333		18.400463	0.195812	
18.436914	0.099633		18.436914	0.089550		18.436914	0.195813	
18.473366	0.099733		18.473366	0.090000		18.473366	0.195820	
18.509815	0.099750		18.509815	0.090350		18.509815	0.195818	
18.546265	0.099783		18.546265	0.090650		18.546265	0.195818	
18.582729	0.099917		18.582729	0.090867		18.582729	0.195820	
18.619165	0.099917		18.619165	0.091017		18.619165	0.195821	
18.655615	0.099967		18.655615	0.091283		18.655615	0.195817	
18.692064	0.100017		18.692064	0.091367		18.692064	0.195814	
18.728516	0.099983		18.728516	0.091583		18.728516	0.195818	
18.764963	0.100067		18.764963	0.091683		18.764963	0.195820	
18.801413	0.100067		18.801413	0.091867		18.801413	0.195825	
18.837862	0.100050		18.837862	0.092017		18.837862	0.195826	
18.874311	0.100067		18.874311	0.092033		18.874311	0.195820	
18.910761	0.100050		18.910761	0.092217		18.910761	0.195823	
18.947210	0.100033		18.947210	0.092300		18.947210	0.195827	
18.983660	0.100100		18.983660	0.092333		18.983660	0.195829	
19.020113	0.100183		19.020113	0.092333		19.020113	0.195819	
19.056561	0.100133		19.056561	0.092433		19.056561	0.195818	
19.093012	0.100083		19.093012	0.092533		19.093012	0.195818	
19.129459	0.100200		19.129459	0.092467		19.129459	0.195815	
19.165909	0.100250		19.165909	0.092600		19.165909	0.195819	
19.202358	0.100100		19.202358	0.092333		19.202358	0.195828	
19.238810	0.100183		19.238810	0.092367		19.238810	0.195844	
19.275259	0.100083		19.275259	0.092367		19.275259	0.195845	
19.311708	0.100100		19.311708	0.092333		19.311708	0.195844	
19.348156	0.100117		19.348156	0.092267		19.348156	0.195841	
19.384672	0.100117		19.384672	0.092267		19.384672	0.195839	
19.422075	0.100050		19.422075	0.092083		19.422075	0.195830	
19.458549	0.100033		19.458549	0.092017		19.458549	0.195829	
19.495001	0.100083		19.495001	0.091983		19.495001	0.195832	
19.531460	0.100017		19.531460	0.091850		19.531460	0.195843	
19.567900	0.100067		19.567900	0.091717		19.567900	0.195839	
19.604351	0.100050		19.604351	0.091617		19.604351	0.195837	
19.640799	0.099983		19.640799	0.091533		19.640799	0.195842	
19.677246	0.099967		19.677246	0.091250		19.677246	0.195845	
19.713699	0.099983		19.713699	0.091250		19.713699	0.195849	
19.750149	0.099917		19.750149	0.091133		19.750149	0.195853	
19.786596	0.099917		19.786596	0.091050		19.786596	0.195853	
19.823044	0.099967		19.823044	0.090883		19.823044	0.195863	
19.859497	0.099817		19.859497	0.090700		19.859497	0.195864	
19.895945	0.099800		19.895945	0.090600		19.895945	0.195852	
19.932396	0.099800		19.932396	0.090433		19.932396	0.195847	
19.968843	0.099783		19.968843	0.090350		19.968843	0.195848	
20.005295	0.099700		20.005295	0.090033		20.005295	0.195857	
20.041744	0.099733		20.041744	0.089700		20.041744	0.195857	
20.078197	0.099633		20.078197	0.089633		20.078197	0.195857	
20.114643	0.099733		20.114643	0.089433		20.114643	0.195858	
20.151094	0.099650		20.151094	0.089317		20.151094	0.195859	
20.187544	0.099633		20.187544	0.089183		20.187544	0.195858	
20.223993	0.099617		20.223993	0.089033		20.223993	0.195858	
20.260441	0.099600		20.260441	0.088917		20.260441	0.195859	
20.296892	0.099567		20.296892	0.088800		20.296892	0.195863	
20.333342	0.099517		20.333342	0.088650		20.333342	0.195870	
20.369791	0.099400		20.369791	0.088450		20.369791	0.195867	
20.406240	0.099467		20.406240	0.088333		20.406240	0.195863	
20.442690	0.099467		20.442690	0.088183		20.442690	0.195861	
20.479141	0.099367		20.479141	0.088067		20.479141	0.195861	
20.515930	0.099333		20.515930	0.087917		20.515930	0.195863	
20.552559	0.099333		20.552559	0.087717		20.552559	0.195863	
20.589008	0.099250		20.589008	0.087400		20.589008	0.195865	
20.625458	0.099233		20.625458	0.087233		20.625458	0.195867	
20.661909	0.099233		20.661909	0.086967		20.661909	0.195870	
20.698370	0.099167		20.698370	0.086767		20.698370	0.195863	
20.734810	0.099083		20.734810	0.086650		20.734810	0.195864	
20.771261	0.099083		20.771261	0.086517		20.771261	0.195868	
20.807709	0.099083		20.807709	0.086400		20.807709	0.195870	
20.844160	0.099017		20.844160	0.086317		20.844160	0.195867	
20.880608	0.099017		20.880608	0.086133		20.880608	0.195862	
20.917072	0.099050		20.917072	0.086000		20.917072	0.195858	
20.953506	0.098950		20.953506	0.085817		20.953506	0.195860	
20.989960	0.098983		20.989960	0.085667		20.989960	0.195862	
21.026432	0.098950		21.026432	0.085500		21.026432	0.195856	
21.062859	0.098850		21.062859	0.085350		21.062859	0.195856	
21.099306	0.098850		21.099306	0.085183		21.099306	0.195861	
21.135757	0.098833		21.135757	0.085033		21.135757	0.195866	
21.172207	0.098767		21.172207	0.084700		21.172207	0.195859	
21.208658	0.098717		21.208658	0.084367		21.208658	0.195858	
21.245106	0.098700		21.245106	0.084117		21.245106	0.195861	
21.281567	0.098717		21.281567	0.084017		21.281567	0.195868	
21.318007	0.098617		21.318007	0.083850		21.318007	0.195869	
21.354454	0.098667		21.354454	0.083683		21.354454	0.195868	
21.390905	0.098500		21.390905	0.083667		21.390905	0.195866	
21.427355	0.098533		21.427355	0.083400		21.427355	0.195866	
21.463806	0.098533		21.463806	0.083317		21.463806	0.195865	
21.500256	0.098433		21.500256	0.083217		21.500256	0.195862	
21.536705	0.098500		21.536705	0.083083		21.536705	0.195857	
21.573153	0.098383		21.573153	0.082983		21.573153	0.195858	
21.610149	0.098417		21.610149	0.082733		21.610149	0.195860	
21.647093	0.098333		21.647093	0.082667		21.647093	0.195867	
21.683556	0.098333		21.683556	0.082450		21.683556	0.195867	
21.719995	0.098300		21.719995	0.082333		21.719995	0.195857	
21.756445	0.098133		21.756445	0.082100		21.756445	0.195854	
21.792892	0.098100		21.792892	0.081767		21.792892	0.195854	
21.829346	0.098150		21.829346	0.081600		21.829346	0.195860	
21.865791	0.098033		21.865791	0.081483		21.865791	0.195867	
21.902243	0.098033		21.902243	0.081333		21.902243	0.195874	
21.938692	0.097933		21.938692	0.081067		21.938692	0.195871	
21.975143	0.097967		21.975143	0.080950		21.975143	0.195864	
22.011593	0.097867		22.011593	0.080833		22.011593	0.195861	
22.048044	0.097700		22.048044	0.080733		22.048044	0.195862	
22.084490	0.097717		22.084490	0.080633		22.084490	0.195862	
22.120939	0.097733		22.120939	0.080483		22.120939	0.195859	
22.157391	0.097667		22.157391	0.080317		22.157391	0.195859	
22.193844	0.097600		22.193844	0.080233		22.193844	0.195864	
22.230289	0.097650		22.230289	0.080050		22.230289	0.195871	
22.266739	0.097617		22.266739	0.080017		22.266739	0.195866	
22.303188	0.097550		22.303188	0.079867		22.303188	0.195868	
22.339640	0.097550		22.339640	0.079717		22.339640	0.195864	
22.376091	0.097500		22.376091	0.079600		22.376091	0.195868	
22.412539	0.097500		22.412539	0.079333		22.412539	0.195869	
22.448990	0.097500		22.448990	0.079067		22.448990	0.195862	
22.485437	0.097383		22.485437	0.078917		22.485437	0.195856	
22.521889	0.097367		22.521889	0.078800		22.521889	0.195854	
22.558336	0.097350		22.558336	0.078650		22.558336	0.195855	
22.594788	0.097383		22.594788	0.078567		22.594788	0.195863	
22.631237	0.097350		22.631237	0.078450		22.631237	0.195866	
22.667686	0.097367		22.667686	0.078300		22.667686	0.195864	
22.704189	0.097283		22.704189	0.078133		22.704189	0.195866	
22.740847	0.097317		22.740847	0.078000		22.740847	0.195870	
22.777294	0.097200		22.777294	0.078000		22.777294	0.195871	
22.813744	0.097267		22.813744	0.077883		22.813744	0.195873	
22.850206	0.097183		22.850206	0.077700		22.850206	0.195871	
22.886646	0.097217		22.886646	0.077683		22.886646	0.195873	
22.923096	0.097150		22.923096	0.077567		22.923096	0.195867	
22.959545	0.097233		22.959545	0.077450		22.959545	0.195863	
22.995995	0.097117		22.995995	0.077367		22.995995	0.195860	
23.032444	0.097217		23.032444	0.077300		23.032444	0.195862	
23.068895	0.097100		23.068895	0.077183		23.068895	0.195862	
23.105341	0.097083		23.105341	0.077067		23.105341	0.195867	
23.141794	0.097050		23.141794	0.077017		23.141794	0.195867	
23.178240	0.097067		23.178240	0.076867		23.178240	0.195860	
23.214693	0.097017		23.214693	0.076633		23.214693	0.195854	
23.251143	0.097067		23.251143	0.076333		23.251143	0.195857	
23.287592	0.097033		23.287592	0.076317		23.287592	0.195865	
23.324043	0.096950		23.324043	0.076233		23.324043	0.195864	
23.360491	0.096967		23.360491	0.076083		23.360491	0.195861	
23.396942	0.097000		23.396942	0.076033		23.396942	0.195855	
23.433393	0.096983		23.433393	0.075950		23.433393	0.195853	
23.469843	0.096933		23.469843	0.075900		23.469843	0.195855	
23.506290	0.096967		23.506290	0.075717		23.506290	0.195853	
23.542742	0.096900		23.542742	0.075683		23.542742	0.195850	
23.579189	0.096950		23.579189	0.075617		23.579189	0.195851	
23.615641	0.096767		23.615641	0.075583		23.615641	0.195859	
23.652086	0.096867		23.652086	0.075417		23.652086	0.195863	
23.688541	0.096917		23.688541	0.075333		23.688541	0.195870	
23.724991	0.096783		23.724991	0.075333		23.724991	0.195873	
23.761440	0.096783		23.761440	0.075283		23.761440	0.195866	
23.797916	0.096883		23.797916	0.075200		23.797916	0.195862	
23.834845	0.096750		23.834845	0.075117		23.834845	0.195861	
23.871307	0.096717		23.871307	0.075017		23.871307	0.195860	
23.907757	0.096783		23.907757	0.075000		23.907757	0.195859	
23.944210	0.096733		23.944210	0.074917		23.944210	0.195860	
23.980659	0.096700		23.980659	0.074917		23.980659	0.195863	
24.017107	0.096717		24.017107	0.074750		24.017107	0.195863	
24.053556	0.096717		24.053556	0.074683		24.053556	0.195860	
24.090008	0.096650		24.090008	0.074667		24.090008	0.195860	
24.126457	0.096650		24.126457	0.074617		24.126457	0.195856	
24.162909	0.096667		24.162909	0.074583		24.162909	0.195850	
24.199356	0.096650		24.199356	0.074433		24.199356	0.195851	
24.235806	0.096700		24.235806	0.074367		24.235806	0.195857	
24.272257	0.096650		24.272257	0.074383		24.272257	0.195860	
24.308704	0.096583		24.308704	0.074317		24.308704	0.195859	
24.345156	0.096667		24.345156	0.074250		24.345156	0.195860	
24.381617	0.096650		24.381617	0.074133		24.381617	0.195860	
24.418056	0.096600		24.418056	0.074100		24.418056	0.195858	
24.454502	0.096583		24.454502	0.073867		24.454502	0.195855	
24.490967	0.096617		24.490967	0.073800		24.490967	0.195863	
24.527403	0.096500		24.527403	0.073767		24.527403	0.195863	
24.563856	0.096567		24.563856	0.073667		24.563856	0.195861	
24.600302	0.096567		24.600302	0.073600		24.600302	0.195860	
24.636755	0.096550		24.636755	0.073600		24.636755	0.195853	
24.673201	0.096583		24.673201	0.073517		24.673201	0.195853	
24.709656	0.096517		24.709656	0.073433		24.709656	0.195855	
24.746101	0.096483		24.746101	0.073383		24.746101	0.195858	
24.782553	0.096517		24.782553	0.073350		24.782553	0.195861	
24.818998	0.096500		24.818998	0.073317		24.818998	0.195862	
24.855453	0.096467		24.855453	0.073300		24.855453	0.195853	
24.891905	0.096433		24.891905	0.073267		24.891905	0.195852	
24.928757	0.096467		24.928757	0.073183		24.928757	0.195857	
24.965321	0.096400		24.965321	0.073117		24.965321	0.195856	
25.001770	0.096533		25.001770	0.073100		25.001770	0.195852	
25.038219	0.096383		25.038219	0.073050		25.038219	0.195856	
25.074673	0.096467		25.074673	0.073000		25.074673	0.195864	
25.111120	0.096450		25.111120	0.072983		25.111120	0.195857	
25.147570	0.096483		25.147570	0.072950		25.147570	0.195855	
25.184023	0.096450		25.184023	0.072900		25.184023	0.195855	
25.220467	0.096467		25.220467	0.072883		25.220467	0.195859	
25.256918	0.096400		25.256918	0.072817		25.256918	0.195857	
25.293369	0.096333		25.293369	0.072817		25.293369	0.195857	
25.329819	0.096417		25.329819	0.072783		25.329819	0.195858	
25.366270	0.096367		25.366270	0.072683		25.366270	0.195856	
25.402718	0.096350		25.402718	0.072717		25.402718	0.195846	
25.439167	0.096333		25.439167	0.072650		25.439167	0.195845	
25.475616	0.096350		25.475616	0.072600		25.475616	0.195855	
25.512068	0.096383		25.512068	0.072633		25.512068	0.195854	
25.548515	0.096350		25.548515	0.072583		25.548515	0.195849	
25.584969	0.096300		25.584969	0.072500		25.584969	0.195844	
25.621429	0.096317		25.621429	0.072550		25.621429	0.195843	
25.657866	0.096317		25.657866	0.072433		25.657866	0.195853	
25.694315	0.096317		25.694315	0.072433		25.694315	0.195854	
25.730766	0.096350		25.730766	0.072383		25.730766	0.195850	
25.767214	0.096333		25.767214	0.072333		25.767214	0.195851	
25.803665	0.096267		25.803665	0.072333		25.803665	0.195846	
25.840113	0.096250		25.840113	0.072317		25.840113	0.195845	
25.876564	0.096300		25.876564	0.072267		25.876564	0.195852	
25.913012	0.096267		25.913012	0.072300		25.913012	0.195855	
25.949465	0.096250		25.949465	0.072200		25.949465	0.195855	
25.985909	0.096267		25.985909	0.072233		25.985909	0.195851	
26.022844	0.096300		26.022844	0.072183		26.022844	0.195843	
26.059595	0.096267		26.059595	0.072150		26.059595	0.195843	
26.096045	0.096233		26.096045	0.072100		26.096045	0.195846	
26.132496	0.096267		26.132496	0.072050		26.132496	0.195850	
26.168943	0.096217		26.168943	0.072050		26.168943	0.195846	
26.205393	0.096217		26.205393	0.072017		26.205393	0.195836	
26.241844	0.096217		26.241844	0.072033		26.241844	0.195836	
26.278294	0.096283		26.278294	0.071967		26.278294	0.195843	
26.314743	0.096267		26.314743	0.072000		26.314743	0.195841	
26.351191	0.096183		26.351191	0.071967		26.351191	0.195839	
26.387640	0.096267		26.387640	0.071967		26.387640	0.195841	
26.424093	0.096250		26.424093	0.071867		26.424093	0.195849	
26.460539	0.096200		26.460539	0.071883		26.460539	0.195850	
26.496992	0.096200		26.496992	0.071817		26.496992	0.195849	
26.533438	0.096200		26.533438	0.071850		26.533438	0.195847	
26.569893	0.096183		26.569893	0.071783		26.569893	0.195843	
26.606339	0.096183		26.606339	0.071800		26.606339	0.195843	
26.642792	0.096150		26.642792	0.071700		26.642792	0.195842	
26.679239	0.096200		26.679239	0.071750		26.679239	0.195842	
26.715691	0.096200		26.715691	0.071717		26.715691	0.195846	
26.752138	0.096117		26.752138	0.071683		26.752138	0.195851	
26.788589	0.096183		26.788589	0.071700		26.788589	0.195857	
26.825039	0.096167		26.825039	0.071683		26.825039	0.195853	
26.861488	0.096133		26.861488	0.071667		26.861488	0.195842	
26.897936	0.096150		26.897936	0.071600		26.897936	0.195840	
26.934387	0.096167		26.934387	0.071633		26.934387	0.195842	
26.970839	0.096200		26.970839	0.071600		26.970839	0.195834	
27.007286	0.096233		27.007286	0.071500		27.007286	0.195831	
27.043737	0.096150		27.043737	0.071633		27.043737	0.195832	
27.080185	0.096150		27.080185	0.071467		27.080185	0.195837	
27.117002	0.096183		27.117002	0.071467		27.117002	0.195835	
27.154129	0.096117		27.154129	0.071400		27.154129	0.195835	
27.190592	0.096050		27.190592	0.071300		27.190592	0.195836	
27.227028	0.096133		27.227028	0.071300		27.227028	0.195838	
27.263475	0.096133		27.263475	0.071400		27.263475	0.195837	
27.299929	0.096117		27.299929	0.071233		27.299929	0.195839	
27.336374	0.096167		27.336374	0.071267		27.336374	0.195843	
27.372828	0.096167		27.372828	0.071067		27.372828	0.195846	
27.409277	0.096067		27.409277	0.071233		27.409277	0.195844	
27.445724	0.096100		27.445724	0.071067		27.445724	0.195838	
27.482178	0.096100		27.482178	0.071200		27.482178	0.195839	
27.518623	0.096100		27.518623	0.071067		27.518623	0.195840	
27.555077	0.096033		27.555077	0.071033		27.555077	0.195845	
27.591524	0.096067		27.591524	0.071167		27.591524	0.195845	
27.627975	0.096117		27.627975	0.071083		27.627975	0.195847	
27.664423	0.096083		27.664423	0.070983		27.664423	0.195842	
27.700874	0.096133		27.700874	0.071033		27.700874	0.195842	
27.737320	0.096100		27.737320	0.071000		27.737320	0.195843	
27.773773	0.096050		27.773773	0.071000		27.773773	0.195840	
27.810223	0.096017		27.810223	0.070950		27.810223	0.195840	
27.846672	0.096117		27.846672	0.070983		27.846672	0.195837	
27.883120	0.096033		27.883120	0.070983		27.883120	0.195833	
27.919571	0.096050		27.919571	0.070917		27.919571	0.195835	
27.956022	0.096033		27.956022	0.070967		27.956022	0.195842	
27.992472	0.095983		27.992472	0.070900		27.992472	0.195839	
28.028921	0.096067		28.028921	0.071000		28.028921	0.195836	
28.065371	0.096050		28.065371	0.070900		28.065371	0.195838	
28.101824	0.096067		28.101824	0.070917		28.101824	0.195840	
28.138269	0.096017		28.138269	0.070883		28.138269	0.195840	
28.174719	0.095967		28.174719	0.070850		28.174719	0.195837	
28.211298	0.095983		28.211298	0.070850		28.211298	0.195835	
28.248648	0.096033		28.248648	0.070867		28.248648	0.195831	
28.285109	0.096033		28.285109	0.070783		28.285109	0.195833	
28.321560	0.096000		28.321560	0.070883		28.321560	0.195833	
28.358011	0.096000		28.358011	0.070883		28.358011	0.195839	
28.394457	0.095967		28.394457	0.070900		28.394457	0.195835	
28.430910	0.096017		28.430910	0.070900		28.430910	0.195835	
28.467371	0.096000		28.467371	0.070983		28.467371	0.195838	
28.503809	0.096000		28.503809	0.070967		28.503809	0.195835	
28.540260	0.096083		28.540260	0.070950		28.540260	0.195833	
28.576708	0.096067		28.576708	0.071050		28.576708	0.195840	
28.613159	0.096000		28.613159	0.070967		28.613159	0.195842	
28.649607	0.096050		28.649607	0.071000		28.649607	0.195849	
28.686060	0.096017		28.686060	0.071000		28.686060	0.195846	
28.722507	0.096083		28.722507	0.071000		28.722507	0.195846	
28.758957	0.096100		28.758957	0.071167		28.758957	0.195850	
28.795404	0.096100		28.795404	0.071067		28.795404	0.195861	
28.831856	0.096100		28.831856	0.071200		28.831856	0.195861	
28.868303	0.096050		28.868303	0.071133		28.868303	0.195854	
28.904755	0.096033		28.904755	0.071200		28.904755	0.195852	
28.941204	0.096000		28.941204	0.071367		28.941204	0.195854	
28.977655	0.096050		28.977655	0.071233		28.977655	0.195855	
29.014105	0.096167		29.014105	0.071367		29.014105	0.195862	
29.050552	0.096100		29.050552	0.071300		29.050552	0.195863	
29.087004	0.096067		29.087004	0.071433		29.087004	0.195861	
29.123453	0.096083		29.123453	0.071367		29.123453	0.195861	
29.159904	0.096067		29.159904	0.071467		29.159904	0.195865	
29.196352	0.096083		29.196352	0.071467		29.196352	0.195864	
29.232803	0.096050		29.232803	0.071467		29.232803	0.195866	
29.269253	0.096100		29.269253	0.071500		29.269253	0.195871	
29.305716	0.096117		29.305716	0.071600		29.305716	0.195875	
29.342630	0.096050		29.342630	0.071500		29.342630	0.195877	
29.379124	0.096067		29.379124	0.071500		29.379124	0.195877	
29.415567	0.096167		29.415567	0.071467		29.415567	0.195866	
29.452024	0.096133		29.452024	0.071633		29.452024	0.195861	
29.488470	0.096150		29.488470	0.071633		29.488470	0.195864	
29.524921	0.096183		29.524921	0.071533		29.524921	0.195869	
29.561369	0.096100		29.561369	0.071633		29.561369	0.195862	
29.597822	0.096117		29.597822	0.071567		29.597822	0.195861	
29.634272	0.096167		29.634272	0.071600		29.634272	0.195868	
29.670721	0.096200		29.670721	0.071567		29.670721	0.195867	
29.707169	0.096083		29.707169	0.071667		29.707169	0.195867	
29.743618	0.096133		29.743618	0.071567		29.743618	0.195866	
29.780073	0.096100		29.780073	0.071533		29.780073	0.195872	
29.816519	0.096083		29.816519	0.071567		29.816519	0.195871	
29.852972	0.096067		29.852972	0.071667		29.852972	0.195871	
29.889418	0.096067		29.889418	0.071600		29.889418	0.195873	
29.925871	0.096083		29.925871	0.071533		29.925871	0.195878	
29.962318	0.096050		29.962318	0.071467		29.962318	0.195880	
29.998770	0.096100		29.998770	0.071567		29.998770	0.195879	
30.035215	0.096150		30.035215	0.071533		30.035215	0.195873	
30.071669	0.096067		30.071669	0.071567		30.071669	0.195873	
30.108118	0.096067		30.108118	0.071533		30.108118	0.195871	
30.144566	0.096117		30.144566	0.071533		30.144566	0.195859	
30.181015	0.096033		30.181015	0.071400		30.181015	0.195858	
30.217480	0.096050		30.217480	0.071500		30.217480	0.195857	
30.253918	0.096133		30.253918	0.071400		30.253918	0.195857	
30.290365	0.096083		30.290365	0.071400		30.290365	0.195864	
30.326815	0.096033		30.326815	0.071400		30.326815	0.195872	
30.363264	0.096150		30.363264	0.071267		30.363264	0.195872	
30.399715	0.096133		30.399715	0.071333		30.399715	0.195873	
30.436712	0.096100		30.436712	0.071400		30.436712	0.195876	
30.473396	0.096050		30.473396	0.071300		30.473396	0.195872	
30.509846	0.096083		30.509846	0.071233		30.509846	0.195864	
30.546295	0.096067		30.546295	0.071233		30.546295	0.195863	
30.582745	0.096067		30.582745	0.071400		30.582745	0.195864	
30.619196	0.096117		30.619196	0.071200		30.619196	0.195870	
30.655643	0.096100		30.655643	0.071067		30.655643	0.195862	
30.692097	0.096033		30.692097	0.071267		30.692097	0.195859	
30.728542	0.096067		30.728542	0.071100		30.728542	0.195865	
30.764996	0.096050		30.764996	0.071100		30.764996	0.195874	
30.801441	0.096067		30.801441	0.071100		30.801441	0.195865	
30.837894	0.096033		30.837894	0.071100		30.837894	0.195863	
30.874342	0.096117		30.874342	0.071067		30.874342	0.195860	
30.910795	0.096033		30.910795	0.071100		30.910795	0.195859	
30.947241	0.096067		30.947241	0.071100		30.947241	0.195855	
30.983692	0.096050		30.983692	0.071133		30.983692	0.195855	
31.020138	0.096033		31.020138	0.071100		31.020138	0.195855	
31.056589	0.096050		31.056589	0.071033		31.056589	0.195849	
31.093044	0.095983		31.093044	0.071033		31.093044	0.195851	
31.129490	0.096017		31.129490	0.070983		31.129490	0.195856	
31.165941	0.096050		31.165941	0.070983		31.165941	0.195863	
31.202387	0.096000		31.202387	0.071000		31.202387	0.195863	
31.238840	0.096067		31.238840	0.071000		31.238840	0.195859	
31.275288	0.096067		31.275288	0.070950		31.275288	0.195859	
31.311739	0.096100		31.311739	0.070900		31.311739	0.195855	
31.348188	0.096117		31.348188	0.071033		31.348188	0.195859	
31.384636	0.096083		31.384636	0.070967		31.384636	0.195861	
31.421087	0.095983		31.421087	0.070967		31.421087	0.195867	
31.457537	0.096000		31.457537	0.070933		31.457537	0.195863	
31.493988	0.096067		31.493988	0.070933		31.493988	0.195857	
31.530659	0.096067		31.530659	0.070917		31.530659	0.195851	
31.567408	0.096033		31.567408	0.070917		31.567408	0.195852	
31.603861	0.096000		31.603861	0.070917		31.603861	0.195854	
31.640306	0.096033		31.640306	0.070950		31.640306	0.195855	
31.676758	0.096050		31.676758	0.070967		31.676758	0.195855	
31.713207	0.096067		31.713207	0.070850		31.713207	0.195856	
31.749670	0.096033		31.749670	0.070833		31.749670	0.195855	
31.786110	0.095983		31.786110	0.070833		31.786110	0.195849	
31.822556	0.096150		31.822556	0.070867		31.822556	0.195849	
31.859020	0.096033		31.859020	0.070833		31.859020	0.195849	
31.895454	0.096017		31.895454	0.070817		31.895454	0.195849	
31.931906	0.095983		31.931906	0.070767		31.931906	0.195849	
31.968355	0.096017		31.968355	0.070767		31.968355	0.195844	
32.004818	0.095917		32.004818	0.070800		32.004818	0.195838	
32.041252	0.096033		32.041252	0.070750		32.041252	0.195837	
32.077705	0.096017		32.077705	0.070700		32.077705	0.195833	
32.114155	0.096017		32.114155	0.070817		32.114155	0.195842	
32.150604	0.096000		32.150604	0.070717		32.150604	0.195849	
32.187054	0.096017		32.187054	0.070733		32.187054	0.195851	
32.223503	0.095933		32.223503	0.070717		32.223503	0.195855	
32.259953	0.096017		32.259953	0.070683		32.259953	0.195861	
32.296402	0.095950		32.296402	0.070667		32.296402	0.195856	
32.332855	0.095983		32.332855	0.070683		32.332855	0.195847	
32.369301	0.096000		32.369301	0.070733		32.369301	0.195847	
32.405754	0.095950		32.405754	0.070667		32.405754	0.195849	
32.442211	0.095950		32.442211	0.070633		32.442211	0.195849	
32.478653	0.095967		32.478653	0.070683		32.478653	0.195848	
32.515106	0.096017		32.515106	0.070667		32.515106	0.195842	
32.551552	0.095983		32.551552	0.070600		32.551552	0.195841	
32.588013	0.096000		32.588013	0.070733		32.588013	0.195841	
32.624500	0.095983		32.624500	0.070650		32.624500	0.195852	
32.661423	0.096000		32.661423	0.070617		32.661423	0.195845	
32.697884	0.095917		32.697884	0.070650		32.697884	0.195837	
32.734322	0.095983		32.734322	0.070633		32.734322	0.195837	
32.770771	0.095967		32.770771	0.070633		32.770771	0.195843	
32.807220	0.096017		32.807220	0.070633		32.807220	0.195844	
32.843670	0.095983		32.843670	0.070583		32.843670	0.195842	
32.880119	0.096000		32.880119	0.070617		32.880119	0.195836	
32.916565	0.096000		32.916565	0.070583		32.916565	0.195834	
32.953033	0.095933		32.953033	0.070617		32.953033	0.195835	
32.989468	0.095900		32.989468	0.070583		32.989468	0.195832	
33.025917	0.095950		33.025917	0.070550		33.025917	0.195830	
33.062370	0.095883		33.062370	0.070583		33.062370	0.195839	
33.098820	0.095883		33.098820	0.070617		33.098820	0.195842	
33.135269	0.095933		33.135269	0.070533		33.135269	0.195845	
33.171730	0.095917		33.171730	0.070567		33.171730	0.195843	
33.208168	0.095950		33.208168	0.070583		33.208168	0.195841	
33.244617	0.095933		33.244617	0.070533		33.244617	0.195839	
33.281063	0.095967		33.281063	0.070500		33.281063	0.195834	
33.317513	0.095983		33.317513	0.070500		33.317513	0.195833	
33.353970	0.095917		33.353970	0.070433		33.353970	0.195837	
33.390415	0.095950		33.390415	0.070517		33.390415	0.195840	
33.426865	0.095967		33.426865	0.070500		33.426865	0.195836	
33.463314	0.095933		33.463314	0.070433		33.463314	0.195835	
33.499763	0.095950		33.499763	0.070383		33.499763	0.195842	
33.536224	0.096000		33.536224	0.070400		33.536224	0.195846	
33.572662	0.095967		33.572662	0.070433		33.572662	0.195849	
33.609112	0.095983		33.609112	0.070417		33.609112	0.195839	
33.645576	0.095933		33.645576	0.070400		33.645576	0.195835	
33.682011	0.095983		33.682011	0.070367		33.682011	0.195831	
33.718475	0.095967		33.718475	0.070383		33.718475	0.195828	
33.755341	0.095900		33.755341	0.070433		33.755341	0.195828	
33.791885	0.095950		33.791885	0.070333		33.791885	0.195834	
33.828331	0.095850		33.828331	0.070367		33.828331	0.195836	
33.864784	0.095950		33.864784	0.070433		33.864784	0.195838	
33.901241	0.095950		33.901241	0.070333		33.901241	0.195839	
33.937679	0.095883		33.937679	0.070333		33.937679	0.195832	
33.974133	0.095850		33.974133	0.070383		33.974133	0.195822	
34.010582	0.095867		34.010582	0.070350		34.010582	0.195822	
34.047031	0.095967		34.047031	0.070350		34.047031	0.195822	
34.083477	0.095833		34.083477	0.070350		34.083477	0.195829	
34.119934	0.095883		34.119934	0.070300		34.119934	0.195827	
34.156380	0.095950		34.156380	0.070333		34.156380	0.195822	
34.192833	0.095900		34.192833	0.070317		34.192833	0.195827	
34.229279	0.095900		34.229279	0.070333		34.229279	0.195834	
34.265732	0.095983		34.265732	0.070350		34.265732	0.195834	
34.302177	0.095983		34.302177	0.070300		34.302177	0.195835	
34.338627	0.095967		34.338627	0.070317		34.338627	0.195834	
34.375080	0.095817		34.375080	0.070333		34.375080	0.195826	
34.411530	0.095950		34.411530	0.070317		34.411530	0.195825	
34.447983	0.095917		34.447983	0.070300		34.447983	0.195819	
34.484440	0.095867		34.484440	0.070250		34.484440	0.195823	
34.520878	0.095900		34.520878	0.070283		34.520878	0.195833	
34.557327	0.095900		34.557327	0.070317		34.557327	0.195831	
34.593777	0.095967		34.593777	0.070317		34.593777	0.195823	
34.630222	0.095917		34.630222	0.070267		34.630222	0.195823	
34.666679	0.095917		34.666679	0.070250		34.666679	0.195826	
34.703136	0.095967		34.703136	0.070267		34.703136	0.195829	
34.739574	0.095883		34.739574	0.070283		34.739574	0.195822	
34.776031	0.095950		34.776031	0.070317		34.776031	0.195820	
34.813725	0.095933		34.813725	0.070283		34.813725	0.195826	
34.850929	0.095933		34.850929	0.070267		34.850929	0.195839	
34.888424	0.095933		34.888424	0.070350		34.888424	0.195821	
34.925774	0.095900		34.925774	0.070250		34.925774	0.195820	
34.962177	0.095883		34.962177	0.070300		34.962177	0.195825	
34.998627	0.096000		34.998627	0.070217		34.998627	0.195828	
35.035076	0.095817		35.035076	0.070283		35.035076	0.195826	
35.071556	0.095883		35.071556	0.070250		35.071556	0.195829	
35.109425	0.095950		35.109425	0.070217		35.109425	0.195831	
35.148071	0.095900		35.148071	0.070217		35.148071	0.195822	
35.184521	0.095950		35.184521	0.070233		35.184521	0.195817	
35.220970	0.095900		35.220970	0.070183		35.220970	0.195817	
35.257824	0.095933		35.257824	0.070183		35.257824	0.195821	
35.297401	0.095867		35.297401	0.070133		35.297401	0.195825	
35.335785	0.095900		35.335785	0.070217		35.335785	0.195825	
35.372238	0.095917		35.372238	0.070150		35.372238	0.195822	
35.408688	0.095867		35.408688	0.070217		35.408688	0.195820	
35.446701	0.095933		35.446701	0.070167		35.446701	0.195820	
35.485233	0.095883		35.485233	0.070150		35.485233	0.195827	
35.521687	0.095933		35.521687	0.070167		35.521687	0.195828	
35.558140	0.095833		35.558140	0.070167		35.558140	0.195826	
35.594582	0.095817		35.594582	0.070167		35.594582	0.195825	
35.631031	0.095800		35.631031	0.070167		35.631031	0.195824	
35.667480	0.095967		35.667480	0.070150		35.667480	0.195817	
35.703934	0.095883		35.703934	0.070200		35.703934	0.195816	
35.740379	0.095967		35.740379	0.070167		35.740379	0.195818	
35.776829	0.095900		35.776829	0.070150		35.776829	0.195822	
35.813286	0.095867		35.813286	0.070083		35.813286	0.195818	
35.849731	0.095867		35.849731	0.070067		35.849731	0.195815	
35.886177	0.095900		35.886177	0.070150		35.886177	0.195816	
35.922642	0.095933		35.922642	0.070183		35.922642	0.195817	
35.960007	0.095867		35.960007	0.070050		35.960007	0.195823	
35.996567	0.095883		35.996567	0.070067		35.996567	0.195827	
36.033024	0.095950		36.033024	0.070083		36.033024	0.195823	
36.069469	0.095867		36.069469	0.070050		36.069469	0.195823	
36.105923	0.095917		36.105923	0.070067		36.105923	0.195823	
36.142365	0.095850		36.142365	0.070100		36.142365	0.195820	
36.178818	0.095933		36.178818	0.070100		36.178818	0.195819	
36.215271	0.095900		36.215271	0.070150		36.215271	0.195818	
36.251720	0.095800		36.251720	0.070100		36.251720	0.195817	
36.288162	0.095950		36.288162	0.070100		36.288162	0.195816	
36.324619	0.095850		36.324619	0.070033		36.324619	0.195812	
36.361073	0.095933		36.361073	0.070050		36.361073	0.195812	
36.397522	0.095883		36.397522	0.070083		36.397522	0.195812	
36.433960	0.095833		36.433960	0.070050		36.433960	0.195819	
36.470417	0.095867		36.470417	0.070033		36.470417	0.195818	
36.506870	0.095900		36.506870	0.070050		36.506870	0.195813	
36.543320	0.095817		36.543320	0.070050		36.543320	0.195816	
36.579765	0.095833		36.579765	0.070067		36.579765	0.195824	
36.616219	0.095883		36.616219	0.070050		36.616219	0.195826	
36.652664	0.095867		36.652664	0.070000		36.652664	0.195825	
36.689121	0.095900		36.689121	0.070083		36.689121	0.195826	
36.725578	0.095850		36.725578	0.070100		36.725578	0.195828	
36.762020	0.095800		36.762020	0.070017		36.762020	0.195823	
36.798470	0.095833		36.798470	0.070000		36.798470	0.195810	
36.834919	0.095883		36.834919	0.070000		36.834919	0.195808	
36.871361	0.095833		36.871361	0.070017		36.871361	0.195809	
36.907814	0.095833		36.907814	0.070017		36.907814	0.195814	
36.944267	0.095767		36.944267	0.070067		36.944267	0.195825	
36.980717	0.095883		36.980717	0.069983		36.980717	0.195822	
37.017159	0.095850		37.017159	0.070000		37.017159	0.195815	
37.053951	0.095767		37.053951	0.070017		37.053951	0.195817	
37.090584	0.095833		37.090584	0.070083		37.090584	0.195818	
37.127033	0.095850		37.127033	0.070000		37.127033	0.195824	
37.163479	0.095833		37.163479	0.069967		37.163479	0.195822	
37.199936	0.095850		37.199936	0.070000		37.199936	0.195820	
37.236382	0.095800		37.236382	0.070017		37.236382	0.195819	
37.272831	0.095800		37.272831	0.070050		37.272831	0.195819	
37.309273	0.095833		37.309273	0.070017		37.309273	0.195821	
37.345734	0.095817		37.345734	0.070050		37.345734	0.195818	
37.382183	0.095867		37.382183	0.070000		37.382183	0.195815	
37.418633	0.095833		37.418633	0.070000		37.418633	0.195815	
37.455078	0.095867		37.455078	0.070033		37.455078	0.195819	
37.491531	0.095850		37.491531	0.070000		37.491531	0.195820	
37.527981	0.095750		37.527981	0.070033		37.527981	0.195820	
37.564430	0.095900		37.564430	0.070000		37.564430	0.195817	
37.600876	0.095900		37.600876	0.070017		37.600876	0.195809	
37.637329	0.095783		37.637329	0.070000		37.637329	0.195802	
37.673782	0.095883		37.673782	0.070000		37.673782	0.195801	
37.710228	0.095850		37.710228	0.070017		37.710228	0.195807	
37.746674	0.095817		37.746674	0.070000		37.746674	0.195816	
37.783127	0.095883		37.783127	0.070033		37.783127	0.195818	
37.819576	0.095817		37.819576	0.070000		37.819576	0.195812	
37.856033	0.095900		37.856033	0.070000		37.856033	0.195811	
37.892479	0.095900		37.892479	0.070000		37.892479	0.195812	
37.928928	0.095833		37.928928	0.069983		37.928928	0.195815	
37.965378	0.095867		37.965378	0.070000		37.965378	0.195817	
